     0/299    0.516G    0.1315   0.02768    0.0446    0.2037        32       640  0.002295   0.02693 0.0007286 8.044e-05    0.1251   0.02155    0.0369
     1/299     3.47G    0.1215   0.02101   0.03176    0.1743        31       640  0.002445   0.01861 0.0004486 0.0001292    0.1163   0.02171   0.02658
     2/299     5.56G     0.115   0.02272   0.02274    0.1605        68       640  0.002673   0.02302 0.0003755 5.151e-05    0.1094   0.02313   0.01955
     3/299     5.56G    0.1104   0.02248   0.01735    0.1502        37       640    0.0061   0.05952 0.0008036 0.0001065    0.1046   0.02435   0.01472
     4/299     5.56G    0.1066   0.02214   0.01352    0.1423        41       640  0.004894   0.09184 0.0009984 0.0001405    0.1005   0.02558   0.01179
     5/299     5.56G    0.1033   0.02463   0.01104     0.139        48       640  0.005837   0.04114  0.001355 0.0002204   0.09827   0.02632  0.009897
     6/299     5.56G    0.1005   0.02569  0.009476    0.1356        36       640  0.007969   0.04456   0.00215 0.0003304   0.09438   0.02736  0.008347
     7/299     5.56G   0.09797    0.0265  0.008107    0.1326        32       640   0.01255    0.1452  0.003509 0.0005824   0.09213    0.0282  0.007286
     8/299     5.56G   0.09477    0.0271  0.007255    0.1291        51       640   0.01405   0.08374  0.004914 0.0008358   0.08817   0.02914   0.00646
     9/299     5.56G   0.09119   0.02793  0.006601    0.1257        40       640   0.02063   0.08754  0.007917  0.001352    0.0865    0.0293  0.005902
    10/299     5.56G   0.08987   0.02822  0.006089    0.1242        37       640   0.03513   0.08668   0.01502  0.002929   0.08303   0.02994  0.005279
    11/299     5.56G   0.08741   0.02788  0.005619    0.1209        55       640    0.0375    0.1146   0.01678  0.003086   0.08052   0.02989  0.004803
    12/299     5.56G   0.08466   0.02797  0.005549    0.1182        54       640    0.0596    0.1572   0.03547  0.006442   0.07781   0.02957  0.004356
    13/299     5.56G   0.08179   0.02683  0.004261    0.1129        60       640    0.1036    0.1214   0.05262   0.01028   0.07631   0.02878  0.003903
    14/299     5.56G    0.0786   0.02614  0.003831    0.1086        51       640    0.6224    0.1405   0.07598   0.01577   0.07411   0.02747  0.003598
    15/299     5.56G   0.07697   0.02649  0.003659    0.1071        64       640    0.6221    0.1719   0.09299   0.02095   0.07305   0.02551  0.003275
    16/299     5.56G   0.07393   0.02404  0.003141    0.1011        47       640    0.6136    0.1807   0.08443   0.01869   0.07078   0.02403   0.00294
    17/299     5.56G   0.07336   0.02228  0.003293   0.09893        39       640    0.6415    0.1791   0.09973   0.02307   0.06878   0.02267  0.002678
    18/299     5.56G   0.07098   0.02146  0.002822   0.09526        55       640    0.6559    0.1783    0.1112   0.02564   0.06799   0.02159  0.002516
    19/299     5.56G   0.07045   0.02034  0.002611    0.0934        39       640    0.6079    0.2179   0.08981   0.02034   0.07011   0.02102  0.002388
    20/299     5.56G   0.06895   0.01938  0.003264   0.09159        37       640    0.6751    0.2199    0.1437    0.0366   0.06686   0.02017  0.002309
    21/299     5.56G   0.06729   0.01972  0.002622   0.08962        36       640    0.6687    0.2189    0.1421     0.037   0.06671   0.01992  0.002177
    22/299     5.56G   0.06796   0.01905  0.002562   0.08957        37       640     0.685    0.2215     0.162   0.04286   0.06645   0.01981  0.002081
    23/299     5.56G   0.06595   0.01893  0.002516    0.0874        44       640    0.6763    0.2286    0.1491   0.03675   0.06426   0.01992  0.002057
    24/299     5.56G   0.06497   0.01981  0.002205   0.08698        88       640    0.6636    0.2253    0.1481   0.03613   0.06689   0.01911  0.002012
    25/299     5.56G    0.0653   0.01874   0.00185   0.08589        38       640     0.729    0.2321    0.1911   0.05353    0.0633   0.01939  0.001981
    26/299     5.56G   0.06533   0.01766   0.00184   0.08482        35       640    0.6878    0.2385    0.1609   0.04159   0.06309   0.01915     0.002
    27/299     5.56G   0.06717   0.01883  0.002408   0.08841        35       640    0.7409    0.2463    0.2123   0.05946   0.06175   0.01883  0.002045
    28/299     5.56G   0.06471   0.01841  0.002036   0.08515        39       640     0.691    0.2463    0.1662    0.0418   0.06166   0.01946  0.001984
    29/299     5.56G   0.06326   0.01872  0.002206   0.08418        41       640    0.7507    0.2511    0.2149   0.05855   0.06061     0.019  0.001956
    30/299     5.56G   0.06469   0.01879  0.001907   0.08539        43       640    0.7487    0.2584    0.2207   0.06359   0.06033   0.01869  0.001972
    31/299     5.56G   0.06051   0.01825  0.002042    0.0808        56       640    0.7706      0.26     0.237   0.06909   0.05965   0.01858  0.001932
    32/299     5.56G   0.06197   0.01777  0.002077   0.08182        50       640    0.7788    0.2439    0.2367   0.07063   0.05953   0.01823   0.00194
    33/299     5.56G   0.06084   0.01735  0.002714   0.08091        45       640    0.7696    0.2684    0.2375   0.07008   0.05932   0.01827  0.001959
    34/299     5.56G   0.05965   0.01833  0.001824   0.07981        46       640    0.7781    0.2777    0.2594   0.07807   0.05882   0.01863  0.001943
    35/299     5.56G   0.06057   0.01749  0.002016   0.08007        39       640    0.7777    0.2556    0.2518     0.074   0.05896   0.01811  0.001965
    36/299     5.56G   0.05939    0.0172  0.002037   0.07863        52       640    0.7875    0.2826    0.2701   0.08434   0.05809   0.01799   0.00195
    37/299     5.56G   0.05882   0.01731  0.002537   0.07867        58       640    0.7761    0.2826    0.2584   0.07668   0.05863   0.01798  0.001901
    38/299     5.56G   0.05815    0.0168  0.001903   0.07686        41       640    0.7973    0.2708    0.2618   0.07693   0.05722   0.01808  0.001893
    39/299     5.56G   0.05844   0.01792  0.001987   0.07834        38       640    0.7848    0.2855    0.2619    0.0795   0.05819   0.01835  0.001891
    40/299     5.56G   0.05758   0.01735   0.00209   0.07702        36       640    0.8136    0.2723     0.271   0.08477   0.05716   0.01798  0.001881
    41/299     5.56G   0.05705   0.01739  0.002704   0.07714        53       640    0.8084    0.2816    0.2752   0.08691    0.0568   0.01776  0.001882
    42/299     5.56G   0.05563   0.01742  0.002135   0.07519        51       640    0.7987    0.2892    0.2774   0.08953   0.05663   0.01756  0.001877
    43/299     5.56G   0.05643   0.01739  0.001843   0.07567        40       640    0.7878    0.2767    0.2634   0.08003   0.05651   0.01753  0.001826
    44/299     5.56G   0.05692   0.01704   0.00236   0.07632        39       640     0.796    0.2992    0.2925   0.09175   0.05574   0.01731   0.00185
    45/299     5.56G   0.05508   0.01698  0.001562   0.07363        48       640    0.7826    0.3119    0.2888   0.08982   0.05645    0.0173  0.001854
    46/299     5.56G   0.05463    0.0174  0.001963   0.07399        39       640    0.8014    0.2777    0.2694    0.0798   0.05714   0.01772  0.001821
    47/299     5.56G   0.05505   0.01582   0.00135   0.07222        44       640       0.8    0.3031    0.2956   0.09346   0.05583   0.01732  0.001814
    48/299     5.56G   0.05317   0.01724  0.001665   0.07207        50       640    0.8023    0.2968    0.2864   0.08612   0.05613   0.01752  0.001827
    49/299     5.56G   0.05473   0.01704  0.001473   0.07324        39       640    0.8227    0.3017    0.2994    0.0997   0.05471   0.01736  0.001804
    50/299     5.56G   0.05461   0.01659  0.001886   0.07308        41       640    0.7928    0.2973    0.2921   0.09146   0.05536   0.01732  0.001785
    51/299     5.56G   0.05451   0.01629  0.001899    0.0727        41       640    0.8032    0.3046    0.2938   0.09318    0.0553   0.01719  0.001786
    52/299     5.56G   0.05311   0.01617  0.001774   0.07105        34       640    0.8216    0.3108    0.3133    0.1021   0.05437    0.0172  0.001755
    53/299     5.56G   0.05256   0.01564  0.001905    0.0701        42       640    0.7918    0.2968     0.285   0.08922   0.05569   0.01704  0.001748
    54/299     5.56G    0.0529   0.01638  0.001798   0.07108        34       640    0.8305    0.3002    0.3114    0.1017   0.05556   0.01735  0.001746
    55/299     5.56G   0.05311   0.01613  0.002032   0.07127        79       640    0.8338    0.2914    0.3074   0.09812   0.05419   0.01721  0.001705
    56/299     5.56G   0.05362   0.01632  0.001838   0.07178        37       640    0.7918    0.3139    0.2875   0.08521   0.05476   0.01707  0.001699
    57/299     5.56G   0.05245    0.0165  0.002318   0.07127        66       640    0.8318    0.2977    0.3142    0.1033   0.05452   0.01713  0.001722
    58/299     5.56G   0.05228   0.01666  0.002219   0.07116        47       640    0.8098    0.3036     0.302   0.09801   0.05537   0.01719  0.001732
    59/299     5.56G   0.05285   0.01664  0.002084   0.07158        38       640    0.8087    0.2919    0.2892   0.08919    0.0553    0.0172  0.001737
    60/299     5.56G   0.05176   0.01628    0.0018   0.06984        41       640    0.8112    0.3123     0.299   0.09841   0.05445   0.01717  0.001741
    61/299     5.56G   0.05192   0.01639  0.001844   0.07016        71       640    0.8548    0.2919    0.3222    0.1037   0.05318   0.01705  0.001712
    62/299     5.56G   0.05061   0.01602  0.001748   0.06838        35       640    0.8322    0.3016    0.3108    0.1025    0.0544   0.01697  0.001694
    63/299     5.56G   0.05118   0.01587  0.001899   0.06895        38       640    0.8179    0.3115    0.3139     0.105   0.05318   0.01725  0.001675
    64/299     5.56G   0.05067   0.01654  0.001393   0.06861        36       640    0.8235    0.3134    0.3129    0.1054    0.0533   0.01681  0.001675
    65/299     5.56G   0.05005   0.01529  0.002158    0.0675        41       640    0.8348     0.309    0.3192    0.1087   0.05356   0.01684  0.001683
    66/299     5.56G    0.0495   0.01602  0.001792   0.06732        41       640    0.8349    0.3071    0.3207    0.1057   0.05409   0.01697  0.001675
    67/299     5.56G    0.0506    0.0161   0.00167   0.06837        41       640    0.8393    0.3095    0.3234     0.107   0.05357   0.01691  0.001653
    68/299     5.56G   0.04828   0.01542  0.001833   0.06553        42       640    0.8407    0.3291    0.3351      0.11   0.05295   0.01691  0.001647
    69/299     5.56G   0.05063   0.01657  0.001599   0.06881        51       640      0.85    0.3187    0.3279    0.1067   0.05324   0.01668  0.001633
    70/299     5.56G   0.04973   0.01665  0.001607   0.06798        56       640    0.8561    0.3095    0.3335    0.1112   0.05323   0.01685  0.001641
    71/299     5.56G   0.04985   0.01603  0.001463   0.06735        52       640    0.8401    0.3173    0.3256    0.1064   0.05281   0.01693  0.001622
    72/299     5.56G   0.04883   0.01568  0.001798   0.06631        48       640    0.8406    0.3129    0.3204    0.1065   0.05293   0.01689  0.001619
    73/299     5.56G   0.04889   0.01617  0.001515   0.06658        39       640    0.8283    0.3217    0.3321    0.1063   0.05287    0.0168  0.001626
    74/299     5.56G   0.04967   0.01501  0.001483   0.06616        58       640    0.8402    0.3046    0.3418    0.1163   0.05333   0.01689  0.001615
    75/299     5.56G   0.04899   0.01616  0.001694   0.06685        50       640    0.8191    0.3359    0.3418    0.1144   0.05307   0.01702  0.001618
    76/299     5.56G   0.04819   0.01516  0.001864   0.06521        35       640    0.8332    0.3124    0.3307    0.1116   0.05354   0.01696  0.001587
    77/299     5.56G   0.04944   0.01583  0.001494   0.06677        37       640     0.847    0.3144    0.3355    0.1147   0.05289   0.01665  0.001566
    78/299     5.56G   0.04822   0.01582   0.00152   0.06555        51       640    0.8188    0.3241    0.3279    0.1071   0.05313   0.01678  0.001605
    79/299     5.56G    0.0484   0.01565  0.001805   0.06586        40       640    0.8244    0.3291    0.3311    0.1098   0.05247   0.01692  0.001567
    80/299     5.56G   0.04941     0.015  0.001654   0.06606        31       640    0.8302    0.3153    0.3353     0.112   0.05292   0.01701  0.001549
    81/299     5.56G   0.04849   0.01524  0.001554   0.06528        40       640    0.8311    0.3265    0.3301    0.1082   0.05218   0.01702   0.00154
    82/299     5.56G   0.04949     0.016  0.001433   0.06693        61       640    0.8455    0.3198    0.3237    0.1085   0.05279   0.01673  0.001528
    83/299     5.56G   0.04764   0.01551  0.001536   0.06468        41       640    0.8378    0.3315    0.3349    0.1095   0.05261   0.01686  0.001506
    84/299     5.56G   0.04798   0.01514  0.001865   0.06498        55       640    0.8379    0.3369    0.3336    0.1133   0.05228   0.01716  0.001573
    85/299     5.56G   0.04739   0.01537  0.001279   0.06404       127       640    0.8375    0.3173    0.3258    0.1089   0.05303   0.01692  0.001535
    86/299     5.56G   0.04736    0.0155  0.001348   0.06421        48       640    0.8581    0.3227     0.336    0.1119   0.05264   0.01682  0.001569
    87/299     5.56G   0.04769   0.01531  0.001373   0.06437        52       640    0.8452    0.3399    0.3418    0.1166   0.05287   0.01685  0.001543
    88/299     5.56G   0.04718    0.0151  0.001545   0.06383        46       640    0.8349     0.334    0.3328    0.1142   0.05255   0.01681  0.001493
    89/299     5.56G   0.04905   0.01565  0.001702   0.06641        54       640    0.8491    0.3266    0.3388    0.1134   0.05216   0.01686   0.00151
    90/299     5.56G   0.04642   0.01539  0.001839   0.06365        34       640    0.8308    0.3364    0.3513    0.1204   0.05232     0.017  0.001528
    91/299     5.56G   0.04647   0.01474    0.0015   0.06271        36       640    0.8411    0.3345     0.363    0.1234   0.05204   0.01706  0.001525
    92/299     5.56G   0.04687   0.01402  0.001306   0.06219        56       640    0.8649    0.3281    0.3594    0.1228   0.05195   0.01686  0.001529
    93/299     5.56G   0.04582   0.01554   0.00172   0.06309        37       640    0.8729    0.3276    0.3593    0.1191   0.05208   0.01694  0.001507
    94/299     5.56G   0.04725   0.01568  0.001206   0.06413        41       640    0.8503    0.3301    0.3682    0.1205   0.05253   0.01658  0.001534
    95/299     5.56G   0.04609    0.0157    0.0014   0.06319        52       640    0.8402     0.335    0.3522    0.1195   0.05235   0.01661  0.001498
    96/299     5.56G   0.04649   0.01564   0.00142   0.06354        90       640    0.8554      0.32    0.3462     0.114    0.0526   0.01665  0.001513
    97/299     5.56G   0.04617   0.01487  0.001411   0.06245        40       640    0.8547    0.3271    0.3609    0.1207   0.05247   0.01686  0.001507
    98/299     5.56G   0.04696   0.01584  0.001627   0.06442        44       640    0.8565    0.3281    0.3511    0.1163   0.05245   0.01716  0.001508
    99/299     5.56G   0.04646   0.01563  0.001306    0.0634        51       640    0.8545    0.3374    0.3597    0.1196   0.05187   0.01696  0.001484
   100/299     5.56G    0.0463   0.01519    0.0014   0.06289        61       640    0.8478    0.3368      0.38    0.1281   0.05212   0.01679  0.001491
   101/299     5.56G   0.04605   0.01544  0.001387   0.06288        40       640    0.2662    0.5632    0.3854    0.1349   0.05176   0.01686  0.001482
   102/299     5.56G   0.04605   0.01481 0.0009296   0.06179        57       640    0.2679    0.6046    0.3971    0.1398   0.05194   0.01682  0.001491
   103/299     5.56G   0.04486   0.01463  0.001497   0.06099        50       640    0.8658    0.3285    0.3713    0.1237   0.05192   0.01672  0.001468
   104/299     5.56G   0.04554    0.0145  0.001416   0.06145        41       640    0.8538    0.3213    0.3361    0.1156   0.05219   0.01674  0.001468
   105/299     5.56G   0.04548   0.01481  0.001536   0.06183        46       640     0.861    0.3129     0.375    0.1224   0.05254   0.01665  0.001464
   106/299     5.56G   0.04467   0.01528  0.001524   0.06147        43       640    0.8534    0.3364    0.3628    0.1222    0.0514   0.01671  0.001464
   107/299     5.56G   0.04531   0.01502  0.001187   0.06152        48       640    0.8583    0.3217    0.3748    0.1255    0.0518   0.01679  0.001457
   108/299     5.56G    0.0457   0.01472  0.001256   0.06168        61       640    0.3026    0.5706    0.4125    0.1298   0.05201   0.01656  0.001485
   109/299     5.56G   0.04484   0.01483  0.001325     0.061        42       640    0.3226     0.613    0.4264    0.1351   0.05176   0.01682  0.001486
   110/299     5.56G   0.04521   0.01422  0.001324   0.06075        36       640     0.856     0.332    0.3886    0.1304   0.05157   0.01677  0.001462
   111/299     5.56G   0.04474   0.01454  0.001759   0.06104        35       640    0.8506    0.3379    0.3831    0.1298   0.05182   0.01666  0.001458
   112/299     5.56G   0.04536    0.0144  0.001125   0.06088        42       640    0.8541    0.3531    0.4129    0.1415   0.05145   0.01654  0.001439
   113/299     5.56G   0.04521   0.01472  0.000914   0.06085        42       640    0.2715     0.613    0.4429    0.1578   0.05124   0.01684   0.00145
   114/299     5.56G   0.04506    0.0144  0.001615   0.06107        43       640    0.8608    0.3301    0.3773    0.1208   0.05188   0.01683  0.001435
   115/299     5.56G   0.04471   0.01527  0.001862   0.06184        49       640    0.8642    0.3301    0.3664     0.126   0.05143   0.01687  0.001413
   116/299     5.56G     0.045   0.01431  0.001241   0.06054        44       640    0.4716    0.4326    0.3754    0.1262   0.05261   0.01683  0.001413
   117/299     5.56G   0.04482   0.01449    0.0014   0.06071        36       640    0.4735    0.4213    0.3906    0.1328   0.05183    0.0168  0.001408
   118/299     5.56G   0.04473   0.01417  0.001675   0.06057        45       640    0.2986    0.6041     0.418    0.1383   0.05209   0.01658  0.001427
   119/299     5.56G   0.04412    0.0156   0.00128     0.061        38       640    0.3761    0.5603    0.4218    0.1375   0.05183   0.01651  0.001408
   120/299     5.56G   0.04387   0.01505  0.001047   0.05997        31       640    0.4051    0.5539    0.4344    0.1473   0.05199   0.01662  0.001415
   121/299     5.56G   0.04474   0.01519  0.001207   0.06113        41       640    0.4455    0.5125    0.4211    0.1299   0.05258   0.01673  0.001443
   122/299     5.56G   0.04369   0.01481  0.001238   0.05974        52       640    0.4561    0.5968    0.5045     0.168   0.05205   0.01665  0.001427
   123/299     5.56G   0.04508   0.01469  0.001616   0.06138        36       640    0.6161    0.5425    0.5224    0.1668   0.05192   0.01669  0.001399
   124/299     5.56G    0.0448   0.01476  0.001177   0.06074        36       640     0.459    0.5953    0.4673    0.1557   0.05142   0.01682  0.001395
   125/299     5.56G   0.04373   0.01428  0.001201   0.05921        40       640    0.5551    0.4682    0.4131    0.1435   0.05174    0.0169  0.001397
   126/299     5.56G   0.04444   0.01481  0.001288   0.06054        48       640    0.6017    0.5574    0.5167    0.1605   0.05148   0.01658  0.001387
   127/299     5.56G   0.04343   0.01448  0.001261   0.05917        36       640    0.4683    0.6023    0.5063    0.1558    0.0515   0.01667  0.001384
   128/299     5.56G   0.04335   0.01468  0.001433   0.05946        42       640    0.5217    0.5494    0.4526    0.1611   0.05174   0.01677    0.0014
   129/299     5.56G   0.04349   0.01446  0.001395   0.05935        39       640    0.4448    0.5165    0.4734    0.1525   0.05189   0.01674  0.001393
   130/299     5.56G   0.04427   0.01467   0.00122   0.06017        37       640    0.8068    0.4077    0.4499    0.1391   0.05188   0.01679  0.001386
   131/299     5.56G   0.04315   0.01419 0.0008778   0.05822        82       640    0.4125     0.515    0.4364    0.1363   0.05198   0.01672   0.00138
   132/299     5.56G   0.04383   0.01453  0.001634      0.06        38       640    0.6062    0.4934    0.4763    0.1444   0.05174   0.01688  0.001384
   133/299     5.56G   0.04294   0.01413  0.001039    0.0581        39       640    0.7595    0.4516    0.4748    0.1422   0.05145   0.01677  0.001398
   134/299     5.56G   0.04337   0.01494  0.001371   0.05968        69       640    0.7047    0.5422    0.5194     0.169   0.05136   0.01701  0.001389
   135/299     5.56G   0.04359   0.01515 0.0009141   0.05965        50       640    0.5975    0.5034    0.4765    0.1535   0.05174   0.01683  0.001404
   136/299     5.56G   0.04304   0.01404  0.001008   0.05809        43       640    0.7278    0.5855    0.5512    0.1651   0.05102   0.01689  0.001374
   137/299     5.56G    0.0425    0.0145  0.001149   0.05814        57       640    0.6115    0.5815    0.5266    0.1766   0.05134    0.0169  0.001378
   138/299     5.56G   0.04329   0.01472  0.001319   0.05933        43       640    0.5652    0.5826    0.5323    0.1588     0.051   0.01694  0.001397
   139/299     5.56G   0.04252   0.01426  0.001134   0.05791        39       640    0.5628    0.5422    0.4718    0.1553   0.05151   0.01678  0.001386
   140/299     5.56G   0.04332   0.01438  0.001116   0.05882        45       640    0.7355    0.5635    0.5316    0.1675   0.05219   0.01664  0.001369
   141/299     5.56G   0.04423    0.0144  0.001392   0.06002        53       640    0.7587    0.5241    0.5192     0.181   0.05113   0.01685  0.001358
   142/299     5.56G   0.04262   0.01449  0.001306   0.05841        43       640    0.6321    0.5852    0.5477    0.1744   0.05155   0.01682  0.001346
   143/299     5.56G   0.04251   0.01396  0.001009   0.05748        37       640    0.7142    0.6261    0.5772    0.1807   0.05129   0.01676  0.001342
   144/299     5.56G   0.04404   0.01455  0.001339   0.05993        36       640     0.556    0.5845    0.5381    0.1741   0.05178   0.01682  0.001328
   145/299     5.56G   0.04257   0.01425 0.0009481   0.05777        41       640    0.6682    0.5344    0.5353    0.1481   0.05195   0.01674   0.00135
   146/299     5.56G   0.04265   0.01423  0.001467   0.05834        33       640    0.7801    0.5216    0.5469    0.1547   0.05188    0.0167  0.001364
   147/299     5.56G   0.04319   0.01455  0.001428   0.05916        41       640      0.74    0.5743    0.5406    0.1714   0.05151   0.01683  0.001338
   148/299     5.56G   0.04151   0.01425  0.001203   0.05696        35       640    0.7852    0.5211    0.5181    0.1656    0.0516   0.01688  0.001368
   149/299     5.56G   0.04136   0.01408  0.001233   0.05667        60       640    0.7814    0.5157    0.5174    0.1683   0.05225   0.01689  0.001405
   150/299     5.56G   0.04188    0.0139  0.001089   0.05687        45       640    0.7732    0.5221    0.5209    0.1714   0.05187   0.01704  0.001354
   151/299     5.56G   0.04223   0.01429  0.001089   0.05761        42       640     0.748    0.5811    0.5426    0.1695   0.05143   0.01678  0.001342
   152/299     5.56G   0.04199   0.01457 0.0008342   0.05739        36       640    0.7415    0.5412    0.5148    0.1581   0.05159   0.01687   0.00134
   153/299     5.56G   0.04149   0.01343   0.00111   0.05603        62       640    0.7758    0.5319    0.5419    0.1673   0.05123   0.01678  0.001357
   154/299     5.56G   0.04102   0.01381 0.0009518   0.05578        40       640    0.7977    0.5238    0.5452     0.177     0.051   0.01686   0.00135
   155/299     5.56G   0.04322   0.01543 0.0008998   0.05954        37       640    0.7857    0.5234    0.5383    0.1652   0.05128   0.01694  0.001303
   156/299     5.56G    0.0425   0.01455 0.0008497    0.0579       118       640    0.7162    0.5669    0.5328    0.1866   0.05147   0.01687   0.00132
   157/299     5.56G   0.04166   0.01423  0.001433   0.05733        42       640     0.798    0.5194    0.5367    0.1697   0.05129   0.01689  0.001324
   158/299     5.56G   0.04103   0.01401 0.0009575   0.05599        39       640    0.8165    0.5176    0.5411    0.1723   0.05112   0.01689  0.001346
   159/299     5.56G   0.04149   0.01373  0.001035   0.05626        39       640    0.7759    0.5711    0.5506    0.1797   0.05094   0.01682  0.001328
   160/299     5.56G   0.04237   0.01414  0.001228   0.05774        46       640    0.7954     0.528    0.5532      0.18   0.05117   0.01669  0.001331
   161/299     5.56G   0.04099   0.01408   0.00124   0.05631        54       640    0.7942    0.4841    0.5072    0.1631   0.05165   0.01664  0.001327
   162/299     5.56G   0.04076   0.01419 0.0007113   0.05565        47       640    0.7755    0.5646    0.5468    0.1807   0.05159   0.01693  0.001322
   163/299     5.56G    0.0423    0.0143   0.00102   0.05762        38       640    0.8053    0.5208    0.5626    0.1704   0.05157   0.01679  0.001323
   164/299     5.56G   0.04114   0.01394  0.001112   0.05619        38       640    0.7963    0.5157    0.5383    0.1724   0.05167    0.0169  0.001301
   165/299     5.56G   0.04135   0.01416  0.001215   0.05672        39       640    0.8342    0.5027    0.5113    0.1784   0.05143   0.01685  0.001335
   166/299     5.56G   0.04113   0.01355 0.0006249    0.0553        50       640    0.7108    0.5203    0.5146    0.1803   0.05178   0.01682  0.001334
   167/299     5.56G   0.04109   0.01315  0.001081   0.05532        47       640    0.7239    0.4979      0.52    0.1744   0.05176   0.01671  0.001297
   168/299     5.56G   0.04079   0.01384   0.00122   0.05585        65       640    0.8332    0.4944    0.5265    0.1776   0.05182   0.01686  0.001293
   169/299     5.56G   0.04062   0.01378 0.0009621   0.05536        35       640    0.8121    0.4712    0.5056    0.1755   0.05217    0.0169  0.001309
   170/299     5.56G   0.04039   0.01342 0.0008024   0.05462        46       640     0.825    0.5064    0.5429    0.1776   0.05133   0.01682  0.001266
   171/299     5.56G   0.04043   0.01421 0.0008978   0.05553        38       640    0.6807    0.5233    0.5208    0.1747   0.05177   0.01681  0.001273
   172/299     5.56G   0.04114   0.01401  0.000843     0.056        46       640    0.8232    0.5123    0.5381    0.1695   0.05146   0.01688  0.001295
   173/299     5.56G   0.04097   0.01361  0.001168   0.05575        44       640    0.7279    0.4996    0.5306    0.1656   0.05207   0.01687  0.001295
   174/299     5.56G    0.0409   0.01334  0.001236   0.05548        42       640     0.837    0.5108    0.5405    0.1751   0.05163   0.01672  0.001283
   175/299     5.56G   0.03977   0.01391 0.0008645   0.05455        56       640     0.844    0.4922    0.5262     0.158   0.05151   0.01673  0.001257
   176/299     5.56G   0.04057   0.01313 0.0009416   0.05464        44       640    0.8522    0.4922     0.524    0.1723   0.05118   0.01664  0.001272
   177/299     5.56G   0.04092   0.01465 0.0007334   0.05631        42       640    0.8339    0.5063    0.5316     0.173   0.05124   0.01684  0.001275
   178/299     5.56G    0.0406   0.01379   0.00107   0.05547        38       640    0.6972    0.5392    0.5338     0.156    0.0517   0.01685  0.001287
   179/299     5.56G   0.03944   0.01277 0.0007929     0.053        39       640    0.8399    0.4861    0.5294    0.1684   0.05153   0.01686  0.001275
   180/299     5.56G    0.0413   0.01436 0.0008195   0.05648        48       640     0.698    0.5258    0.5249    0.1804   0.05106   0.01677  0.001299
   181/299     5.56G   0.04061   0.01367 0.0009304   0.05521        45       640    0.8609    0.5317    0.5566    0.1715   0.05116   0.01676  0.001279
   182/299     5.56G    0.0407   0.01392 0.0007938   0.05542        48       640     0.829    0.4858     0.531    0.1637   0.05171   0.01683  0.001268
   183/299     5.56G   0.04036   0.01367   0.00087    0.0549        55       640    0.5964    0.5216    0.4887    0.1649    0.0517   0.01677  0.001274
   184/299     5.56G    0.0404   0.01377 0.0009114   0.05508        46       640    0.8488      0.47    0.5134    0.1557   0.05156    0.0167  0.001292
   185/299     5.56G   0.04106   0.01399 0.0009431   0.05599       105       640    0.5418    0.5138    0.5056    0.1654   0.05144   0.01664   0.00128
   186/299     5.56G   0.03946    0.0139 0.0007111   0.05407       168       640    0.7415    0.5038    0.5114     0.195    0.0513    0.0167  0.001277
   187/299     5.56G   0.03937   0.01346 0.0009793   0.05381        41       640    0.8438    0.5052    0.5327    0.1711   0.05131   0.01673   0.00128
   188/299     5.56G   0.03994    0.0137 0.0009041   0.05454        39       640    0.6976    0.5286    0.5242    0.1746   0.05128   0.01675  0.001274
   189/299     5.56G   0.04025   0.01421 0.0008419    0.0553        48       640    0.7433    0.4981    0.5156    0.1657   0.05133   0.01678  0.001257
   190/299     5.56G    0.0402   0.01384 0.0006865   0.05472        39       640    0.6554    0.4577     0.499    0.1788   0.05111   0.01672   0.00128
   191/299     5.56G   0.04068   0.01428  0.001057   0.05601        40       640    0.6472     0.523    0.4988    0.1708   0.05113   0.01668  0.001291
   192/299     5.56G   0.03951   0.01331 0.0007408   0.05356        36       640    0.6658    0.5126    0.5213     0.189   0.05097   0.01674  0.001293
   193/299     5.56G   0.04096   0.01324 0.0006275   0.05482        43       640    0.8936    0.4197     0.515    0.1661   0.05099   0.01677  0.001289
   194/299     5.56G   0.04092   0.01316 0.0009206     0.055        48       640    0.8527    0.4952    0.5327    0.1769   0.05099   0.01684  0.001286
   195/299     5.56G   0.03951   0.01369  0.001054   0.05425        45       640     0.855    0.4927    0.5239    0.1675   0.05093   0.01669  0.001273
   196/299     5.56G   0.03937   0.01364  0.001047   0.05406        39       640    0.4809    0.5807    0.4739    0.1659   0.05098   0.01674  0.001246
   197/299     5.56G   0.03907   0.01328 0.0006944   0.05305        41       640    0.6658    0.4493    0.4771    0.1527   0.05116   0.01684   0.00125
   198/299     5.56G   0.04034   0.01402 0.0007448    0.0551        69       640    0.7198    0.4702    0.5071    0.1761   0.05081   0.01685  0.001261
   199/299     5.56G   0.04011   0.01322 0.0008877   0.05422        39       640    0.6558    0.4794    0.4984    0.1777   0.05093   0.01677  0.001261
   200/299     5.56G   0.03933   0.01368  0.001002   0.05402        36       640    0.5717    0.5165    0.4847    0.1683   0.05128    0.0169  0.001238
   201/299     5.56G   0.04058   0.01415 0.0007952   0.05553        54       640    0.6562    0.5148    0.4941    0.1587   0.05111   0.01691  0.001268
   202/299     5.56G   0.03909   0.01383  0.001179    0.0541        45       640    0.8158    0.4391    0.4961    0.1663   0.05132   0.01688  0.001281
   203/299     5.56G   0.04094   0.01425  0.001258   0.05645        40       640    0.8308    0.4455    0.4959    0.1673   0.05097   0.01683  0.001274
   204/299     5.56G   0.03822   0.01322 0.0008933   0.05232        50       640    0.7458    0.5001    0.5079    0.1785   0.05103   0.01683  0.001288
   205/299     5.56G    0.0395   0.01399 0.0008825   0.05437        52       640    0.7471    0.5001    0.5093    0.1801   0.05097   0.01684  0.001269
   206/299     5.56G     0.039   0.01399 0.0008065    0.0538        34       640    0.5991    0.4614    0.4867    0.1748   0.05074   0.01684  0.001253
   207/299     5.56G    0.0397   0.01313 0.0008658   0.05369        39       640    0.5978    0.4991    0.4961    0.1727   0.05098   0.01693  0.001239
   208/299     5.56G   0.03934   0.01341   0.00084   0.05358        53       640    0.8835    0.4638    0.5312    0.1769   0.05107   0.01682  0.001265
   209/299     5.56G   0.03917   0.01303  0.001099    0.0533        34       640    0.5826    0.5182    0.4966    0.1744   0.05094   0.01678  0.001252
   210/299     5.56G   0.04038   0.01375 0.0006716    0.0548        43       640    0.6203    0.5221    0.5028    0.1724   0.05096   0.01688  0.001216
   211/299     5.56G   0.03928    0.0136 0.0007719   0.05365        62       640    0.6159     0.518    0.5053    0.1752    0.0507   0.01679   0.00124
   212/299     5.56G   0.04021   0.01373  0.000999   0.05494        39       640    0.5973    0.5257    0.4952    0.1698   0.05101   0.01683  0.001246
   213/299     5.56G   0.03864   0.01315 0.0009014   0.05269        34       640     0.559    0.5412    0.4852    0.1626   0.05066     0.017  0.001237
   214/299     5.56G   0.03934   0.01312  0.000789   0.05326        39       640    0.6378     0.502    0.4944    0.1701   0.05091   0.01699  0.001228
   215/299     5.56G   0.03887   0.01411  0.001128   0.05411        39       640    0.6221    0.5045    0.4931    0.1646   0.05096     0.017  0.001245
   216/299     5.56G   0.03922   0.01351 0.0008203   0.05356        38       640    0.5417    0.5315    0.4897    0.1676    0.0512   0.01692  0.001234
   217/299     5.56G   0.03828   0.01332 0.0008338   0.05243        60       640    0.5819    0.5132    0.4713    0.1604   0.05145   0.01693  0.001218
   218/299     5.56G   0.04002   0.01344 0.0005806   0.05404        35       640    0.5756    0.5617    0.5127     0.177   0.05126   0.01689  0.001229
   219/299     5.56G   0.03897   0.01381 0.0008709   0.05365        36       640    0.7468    0.5069    0.5281    0.1963   0.05099   0.01692  0.001257
   220/299     5.56G   0.03949   0.01343 0.0008385   0.05376        64       640    0.6389     0.573    0.5324    0.1707   0.05108   0.01685   0.00125
   221/299     5.56G   0.03949   0.01304  0.001482   0.05401        63       640    0.8371    0.4994    0.5363    0.1918   0.05113   0.01691  0.001252
   222/299     5.56G   0.03896   0.01289  0.000684   0.05253        36       640    0.5154    0.5717    0.4995    0.1771    0.0513   0.01702  0.001252
   223/299     5.56G   0.03799   0.01309 0.0006842   0.05176        63       640    0.6249    0.5629    0.5249     0.187   0.05107   0.01703  0.001217
   224/299     5.56G   0.03759   0.01356  0.000755    0.0519        40       640    0.8617    0.4887      0.53    0.1824   0.05121   0.01696  0.001241
   225/299     5.56G   0.03872    0.0129 0.0006596   0.05228        53       640     0.728    0.5192    0.5214    0.1932   0.05092   0.01698   0.00126
   226/299     5.56G   0.03878   0.01379 0.0006794   0.05326        50       640    0.8421    0.4927    0.5319    0.1672   0.05091   0.01695  0.001244
   227/299     5.56G   0.03857   0.01328 0.0008103   0.05266        35       640    0.5973    0.5772    0.5175    0.1771   0.05133   0.01697  0.001222
   228/299     5.56G   0.03848   0.01326 0.0006286   0.05237        43       640    0.7043    0.4425    0.4989    0.1892   0.05117   0.01696  0.001249
   229/299     5.56G   0.03903   0.01302 0.0007229   0.05277        59       640    0.7661    0.4313    0.5007    0.1892   0.05101   0.01694  0.001258
   230/299     5.56G   0.03797   0.01355 0.0007665   0.05229        36       640    0.7193     0.469    0.4908    0.1768    0.0511   0.01698  0.001241
   231/299     5.56G   0.03799   0.01337 0.0008284   0.05218        40       640    0.6483    0.4626    0.4757    0.1701   0.05115   0.01697   0.00124
   232/299     5.56G   0.03852   0.01354 0.0007646   0.05282        50       640    0.8143     0.396    0.4961     0.178   0.05151   0.01693  0.001266
   233/299     5.56G   0.03922   0.01439 0.0005238   0.05414        34       640    0.5296     0.528    0.4987     0.181   0.05149    0.0169  0.001257
   234/299     5.56G   0.03871   0.01336  0.001104   0.05318        52       640    0.6833    0.4455    0.4952    0.1689   0.05128     0.017  0.001234
   235/299     5.56G   0.03813   0.01271 0.0009031   0.05174        39       640    0.7349    0.4094    0.4924    0.1612   0.05127   0.01695  0.001242
   236/299     5.56G   0.03902     0.013 0.0005913   0.05261        45       640    0.7189    0.4357    0.4928    0.1657   0.05149   0.01689  0.001237
   237/299     5.56G   0.03854   0.01299 0.0009414   0.05247        44       640    0.5371    0.5197    0.4969     0.174   0.05134   0.01694  0.001233
   238/299     5.56G   0.03745     0.013  0.000671   0.05112        86       640    0.5252    0.5272    0.5003     0.164   0.05131   0.01689  0.001228
   239/299     5.56G   0.03855   0.01349  0.000824   0.05287        42       640    0.7417    0.4907    0.5223    0.1781   0.05146   0.01687  0.001216
   240/299     5.56G   0.03942   0.01299 0.0005698   0.05298        41       640    0.7421    0.5009    0.5123    0.1827   0.05118   0.01696  0.001232
   241/299     5.56G   0.03797   0.01302 0.0007421   0.05173        49       640    0.8018    0.4356    0.4973    0.1797   0.05112   0.01694  0.001232
   242/299     5.56G   0.03817   0.01324 0.0009884    0.0524        46       640    0.7542    0.4823    0.5272    0.1794   0.05158   0.01691  0.001212
   243/299     5.56G    0.0382   0.01278  0.000647   0.05163        39       640    0.7758    0.4882     0.531    0.1946    0.0516   0.01693   0.00122
   244/299     5.56G   0.03896   0.01295  0.001031   0.05294        36       640    0.8372     0.456    0.5131    0.1849   0.05148   0.01688  0.001223
   245/299     5.56G   0.03892    0.0137 0.0009164   0.05354        39       640    0.8023    0.4496    0.5372     0.193   0.05151   0.01687  0.001228
   246/299     5.56G   0.03817   0.01304 0.0008894   0.05211        41       640    0.7017     0.506    0.5178    0.1888   0.05125   0.01676   0.00123
   247/299     5.56G   0.03941   0.01353  0.001131   0.05406        41       640     0.705    0.4925    0.5027    0.1775   0.05148   0.01681  0.001226
   248/299     5.56G   0.03882   0.01309 0.0007718   0.05268        59       640    0.6936    0.4976    0.5094    0.1891   0.05164   0.01689  0.001247
   249/299     5.56G   0.03724   0.01329 0.0006132   0.05114        61       640     0.791    0.4951    0.5228    0.1786   0.05142   0.01693  0.001236
   250/299     5.56G   0.03873   0.01358 0.0005536   0.05286        48       640    0.8655    0.4673    0.5192    0.1733   0.05143   0.01696  0.001234
   251/299     5.56G   0.03829   0.01318 0.0006731   0.05215        38       640    0.5353    0.5709    0.5015    0.1775   0.05153   0.01701  0.001257
   252/299     5.56G   0.03838   0.01344 0.0005397   0.05235        40       640    0.5874    0.5133    0.5092     0.186   0.05114   0.01694  0.001258
   253/299     5.56G   0.03838   0.01269 0.0006663   0.05174        58       640    0.6804    0.5084    0.5234    0.1918    0.0512   0.01688  0.001229
   254/299     5.56G   0.03936    0.0138 0.0009073   0.05407        39       640    0.4777    0.5123    0.4809    0.1836   0.05136    0.0168  0.001255
   255/299     5.56G   0.03837   0.01306  0.001058   0.05249        38       640    0.4967    0.5133    0.4633    0.1632    0.0514   0.01685  0.001237
   256/299     5.56G   0.03847   0.01355  0.000951   0.05297        34       640    0.5015    0.5192    0.4751    0.1546   0.05159   0.01687  0.001236
   257/299     5.56G   0.03844     0.013 0.0006503   0.05209        54       640    0.6312    0.4582    0.4686    0.1701   0.05208   0.01695  0.001268
   258/299     5.56G   0.03799   0.01299   0.00086   0.05184        44       640    0.5348    0.5196    0.4724    0.1751   0.05147   0.01683  0.001277
   259/299     5.56G    0.0384   0.01327 0.0006829   0.05235        51       640    0.5835    0.4538    0.4843    0.1609   0.05172   0.01692  0.001251
   260/299     5.56G   0.03872   0.01395 0.0006461   0.05332        44       640    0.5428    0.5074    0.4858     0.171   0.05183   0.01699  0.001226
   261/299     5.56G   0.03865   0.01362 0.0007542   0.05303        35       640    0.5801    0.5011    0.4838    0.1772   0.05155   0.01692  0.001225
   262/299     5.56G   0.03891   0.01328  0.001108   0.05331        35       640    0.6969    0.4871    0.4933    0.1797   0.05147   0.01697  0.001206
   263/299     5.56G   0.03772   0.01281 0.0008678   0.05139        34       640    0.5953    0.5063    0.4896    0.1773   0.05177   0.01696  0.001238
   264/299     5.56G   0.03827   0.01318 0.0007016   0.05215        43       640    0.6238    0.5136    0.4971    0.1802   0.05163   0.01695  0.001239
   265/299     5.56G   0.03817   0.01305 0.0006907   0.05192        38       640    0.5567    0.5314    0.4951     0.178    0.0515   0.01691  0.001244
   266/299     5.56G     0.038   0.01326 0.0006752   0.05193        72       640    0.6753    0.5196    0.4948    0.1779    0.0518   0.01688  0.001223
   267/299     5.56G   0.03903   0.01297 0.0006699   0.05267        34       640    0.6184    0.5216    0.4843    0.1636   0.05166   0.01682  0.001249
   268/299     5.56G   0.03858   0.01259 0.0007612   0.05193        40       640    0.6467    0.4978    0.4934    0.1744   0.05125   0.01684  0.001248
   269/299     5.56G    0.0373   0.01278   0.00117   0.05124        37       640    0.6547    0.4942    0.4997    0.1798   0.05149   0.01689  0.001234
   270/299     5.56G   0.03774   0.01312 0.0008361   0.05169        78       640    0.6715    0.4873    0.4922    0.1748   0.05143   0.01694  0.001233
   271/299     5.56G   0.03886   0.01339 0.0007017   0.05295        53       640    0.6194    0.4991    0.4976    0.1806   0.05149   0.01698  0.001228
   272/299     5.56G   0.03756   0.01283 0.0005792   0.05097        36       640    0.5457    0.5221     0.513    0.1838   0.05143   0.01689  0.001229
   273/299     5.56G   0.03813   0.01304 0.0008573   0.05203        36       640     0.569    0.5087    0.4937    0.1724    0.0513   0.01693  0.001257
   274/299     5.56G   0.03802   0.01322 0.0009595   0.05219        35       640     0.645    0.4727    0.4968    0.1849   0.05158   0.01699  0.001274
   275/299     5.56G   0.03837   0.01352 0.0005023   0.05239        38       640    0.5484    0.5186    0.4856    0.1802    0.0513   0.01705  0.001245
   276/299     5.56G   0.03747   0.01314  0.000978   0.05159        38       640    0.5831    0.5518    0.4967    0.1775   0.05126   0.01704  0.001231
   277/299     5.56G   0.03781   0.01314 0.0006203   0.05156        42       640    0.5329     0.601    0.5123    0.1799   0.05106   0.01698   0.00123
   278/299     5.56G    0.0373   0.01251 0.0005682   0.05038        71       640    0.5678    0.5118    0.5049    0.1741   0.05105   0.01694  0.001234
   279/299     5.56G   0.03794   0.01296 0.0004256   0.05132        44       640    0.5887    0.5552     0.492     0.158   0.05138   0.01696  0.001234
   280/299     5.56G   0.03657   0.01251 0.0009834   0.05006        40       640    0.5743    0.5108     0.488     0.162   0.05116   0.01693  0.001233
   281/299     5.56G   0.03736   0.01264 0.0005516   0.05056        39       640    0.5966    0.5308    0.5105    0.1754   0.05122   0.01688   0.00124
   282/299     5.56G   0.03821   0.01316 0.0004144   0.05178        63       640    0.5394    0.5358    0.5033    0.1787   0.05106   0.01693  0.001249
   283/299     5.56G   0.03841   0.01356 0.0008913   0.05286        60       640     0.566    0.5199    0.4925    0.1779    0.0512   0.01699   0.00125
   284/299     5.56G   0.03685   0.01319 0.0007518    0.0508        30       640    0.5374    0.6127    0.5089     0.182    0.0512   0.01695  0.001252
   285/299     5.56G    0.0381   0.01318 0.0007123   0.05199        73       640    0.5433    0.5716    0.5041    0.1828   0.05135   0.01694  0.001252
   286/299     5.56G   0.03755   0.01315  0.000446   0.05115        63       640    0.5493    0.5674    0.5112    0.1846   0.05125   0.01698  0.001245
   287/299     5.56G   0.03829   0.01281 0.0006129   0.05171        53       640    0.5524    0.6102    0.5213    0.1962   0.05117   0.01705  0.001248
   288/299     5.56G   0.03815   0.01246 0.0007866    0.0514        37       640     0.642    0.5009    0.4955    0.1728   0.05135   0.01707  0.001259
   289/299     5.56G   0.03757   0.01305 0.0005288   0.05115        44       640     0.579     0.568    0.5203    0.1718    0.0515   0.01697  0.001265
   290/299     5.56G   0.03624   0.01223 0.0008448   0.04931        43       640    0.5784    0.5662    0.4984    0.1898   0.05129   0.01693  0.001269
   291/299     5.56G     0.038   0.01305 0.0005489    0.0516        38       640     0.647    0.5567    0.5091    0.1826   0.05136   0.01694  0.001254
   292/299     5.56G   0.03711   0.01284 0.0004646   0.05042        41       640     0.644    0.5585     0.515    0.1896   0.05132    0.0169  0.001256
   293/299     5.56G   0.03738   0.01279 0.0004991   0.05068        47       640    0.5585    0.6059    0.5252    0.1847    0.0512   0.01688  0.001247
   294/299     5.56G   0.03756   0.01273 0.0006911   0.05097        38       640    0.6539    0.6034    0.5534    0.2002   0.05126   0.01696  0.001261
   295/299     5.56G   0.03701   0.01255 0.0005749   0.05013        48       640    0.5881     0.601    0.5334    0.1914   0.05128   0.01698  0.001242
   296/299     5.56G   0.03651   0.01276 0.0007271      0.05        36       640    0.6306    0.5604    0.5297    0.1979    0.0512   0.01709   0.00123
   297/299     5.56G   0.03643   0.01264 0.0006957   0.04977        33       640    0.6917    0.5019    0.5119    0.1867   0.05125   0.01703  0.001226
   298/299     5.56G   0.03754   0.01376  0.001032   0.05233        62       640    0.6717    0.5035    0.5009    0.1834   0.05133   0.01696  0.001237
   299/299     5.56G   0.03761   0.01337  0.000627   0.05161        39       640    0.6866    0.4869    0.5033     0.186   0.05124   0.01692  0.001249
