     0/299     0.51G    0.1277   0.03019   0.03978    0.1977        34       640  0.002029    0.0828 0.0002775  3.22e-05    0.1239   0.02247   0.03527
     1/299     3.61G    0.1169   0.02333   0.02788    0.1681        47       640  0.001244   0.04728 0.0001482 1.998e-05    0.1119   0.02339   0.02493
     2/299      4.8G    0.1097   0.02344   0.02061    0.1538        39       640  0.001396   0.06001 0.0001972 2.751e-05    0.1044   0.02482   0.01798
     3/299      4.8G    0.1059   0.02334   0.01513    0.1444        44       640  0.002523   0.05707 0.0004094 8.098e-05   0.09952   0.02594   0.01339
     4/299      4.8G    0.1015   0.02431   0.01184    0.1377        45       640  0.002945   0.04016 0.0008857 0.0001254   0.09505   0.02672   0.01043
     5/299      4.8G   0.09593    0.0262  0.009115    0.1312        62       640  0.009133   0.05975  0.003432 0.0005198   0.08944   0.02791  0.008177
     6/299      4.8G   0.09052   0.02693  0.007252    0.1247        35       640   0.02625    0.1058    0.0118  0.002025   0.08333   0.02909  0.006623
     7/299      4.8G   0.08452   0.02708  0.006016    0.1176        65       640     0.572    0.1058   0.03378    0.0058   0.07896   0.02916  0.005476
     8/299      4.8G   0.07903   0.02794  0.005327    0.1123        60       640     0.592    0.1229   0.05293  0.009479   0.07596   0.02856   0.00468
     9/299      4.8G   0.07696   0.02718  0.004367    0.1085        38       640    0.5827     0.167   0.05814   0.01063   0.07361    0.0272  0.004086
    10/299      4.8G   0.07409   0.02605  0.004248    0.1044        56       640    0.6267    0.1484   0.08338   0.01574   0.07044   0.02593  0.003539
    11/299      4.8G   0.07335   0.02525  0.003471    0.1021        41       640    0.5986    0.1273   0.06366   0.01187   0.07204   0.02393  0.003149
    12/299      4.8G   0.07105   0.02266  0.003056   0.09676        64       640     0.605    0.1709   0.07684   0.01492   0.06784   0.02343  0.002801
    13/299      4.8G    0.0699   0.02251  0.002763   0.09517        35       640    0.6336    0.2057    0.1128   0.02549   0.06513   0.02236  0.002601
    14/299      4.8G    0.0682    0.0217  0.002683   0.09258        40       640    0.6148    0.2238   0.09845   0.02177   0.06482    0.0216  0.002423
    15/299      4.8G   0.06895   0.02039  0.002267    0.0916        38       640    0.6175    0.2204       0.1   0.02166   0.06684   0.02068  0.002325
    16/299      4.8G   0.06935   0.02022   0.00257   0.09214        50       640    0.6111    0.2434   0.09828    0.0218   0.06543   0.02068  0.002307
    17/299      4.8G   0.06666   0.01988  0.002341   0.08888        73       640    0.6877    0.2023    0.1544   0.03718   0.06295   0.02019  0.002207
    18/299      4.8G   0.06526   0.02013  0.002499   0.08788        52       640     0.666    0.2556    0.1482    0.0332   0.06237   0.01997  0.002126
    19/299      4.8G   0.06426   0.02005  0.002175   0.08648        38       640    0.7087    0.2368    0.1926   0.04911   0.06108    0.0196   0.00205
    20/299      4.8G   0.06437   0.01929  0.002709   0.08637        44       640    0.6726    0.2287    0.1499    0.0366   0.06188   0.01959  0.002038
    21/299      4.8G   0.06577   0.01855   0.00254   0.08686        40       640    0.6898    0.2253    0.1532   0.03632   0.06383   0.01897  0.002054
    22/299      4.8G   0.06224   0.01852   0.00236   0.08311        40       640    0.6815    0.2502    0.1886   0.04797   0.06264   0.01874  0.002027
    23/299      4.8G   0.06382   0.01929  0.002135   0.08525        68       640    0.6996    0.2571     0.192   0.04885   0.06149   0.01912  0.002025
    24/299      4.8G   0.06205   0.01914  0.002487   0.08368        44       640    0.7164    0.2723    0.2122    0.0562   0.05991   0.01899  0.001979
    25/299      4.8G   0.06108   0.01861  0.002068   0.08176        80       640    0.7149     0.237    0.1854   0.04659    0.0627   0.01822  0.001925
    26/299      4.8G    0.0628   0.01745   0.00296   0.08321        42       640    0.7136    0.2502    0.1918   0.05048    0.0598   0.01838  0.001997
    27/299      4.8G   0.06369   0.01836  0.002372   0.08443        38       640    0.7313    0.2835    0.2198   0.06455   0.05748   0.01893  0.002018
    28/299      4.8G   0.06255    0.0172  0.002433   0.08218        35       640    0.7839    0.2458    0.2408   0.06989   0.05725   0.01862  0.002099
    29/299      4.8G   0.05957   0.01761  0.002383   0.07956        49       640    0.7629    0.2414    0.2226   0.06308   0.05975   0.01837  0.002046
    30/299      4.8G   0.05885   0.01704  0.002248   0.07814        67       640    0.7852    0.2767    0.2721    0.0834    0.0566   0.01797  0.001964
    31/299      4.8G   0.05841    0.0167  0.001875   0.07699        40       640    0.7848    0.2833    0.2669   0.08115   0.05609   0.01821  0.001962
    32/299      4.8G   0.05788   0.01724  0.002014   0.07713        55       640    0.8151    0.2696    0.2808   0.08878   0.05533   0.01799  0.001941
    33/299      4.8G   0.05607   0.01724  0.001991   0.07529        37       640    0.8093    0.2845    0.2849   0.08985   0.05524   0.01759  0.001882
    34/299      4.8G   0.05629    0.0173  0.001882   0.07547        52       640    0.8254    0.2922    0.3028   0.09521   0.05455   0.01757  0.001884
    35/299      4.8G   0.05665   0.01692  0.001799   0.07536        55       640    0.7929    0.2924    0.3132    0.1083   0.05535   0.01754  0.001868
    36/299      4.8G   0.05426   0.01707  0.001615   0.07295        35       640    0.8061    0.2958    0.3272    0.1096   0.05474   0.01733   0.00179
    37/299      4.8G   0.05476   0.01688   0.00145    0.0731        42       640    0.7957    0.3012     0.285   0.09014   0.05413   0.01738  0.001765
    38/299      4.8G   0.05423   0.01702  0.001669   0.07291        40       640    0.8015    0.2963    0.3218    0.1102   0.05443   0.01742  0.001724
    39/299      4.8G   0.05261   0.01701  0.001681    0.0713        59       640    0.8294    0.2932    0.3369    0.1124   0.05326   0.01719  0.001691
    40/299      4.8G    0.0526   0.01645  0.002133   0.07118        36       640    0.8192    0.3124    0.3422    0.1201   0.05284   0.01738  0.001701
    41/299      4.8G   0.05344   0.01639  0.001431   0.07126        36       640    0.7409    0.3051    0.2657   0.08731    0.0546   0.01743  0.001689
    42/299      4.8G   0.05188    0.0169  0.001493   0.07027        51       640    0.8001    0.3242    0.3439    0.1262   0.05316   0.01708  0.001667
    43/299      4.8G    0.0515   0.01619  0.001666   0.06936        75       640    0.8169    0.2992     0.333    0.1239   0.05385   0.01716   0.00165
    44/299      4.8G    0.0521   0.01632  0.001347   0.06977        47       640    0.8106    0.3213    0.3515    0.1237   0.05224   0.01705   0.00163
    45/299      4.8G   0.05232   0.01602  0.001481   0.06982        40       640     0.828     0.323    0.3556    0.1252   0.05274   0.01708  0.001607
    46/299      4.8G   0.05108   0.01598  0.001604   0.06866        33       640    0.8479     0.284    0.3466    0.1238    0.0534   0.01698  0.001641
    47/299      4.8G   0.05179     0.017   0.00163   0.07042        45       640    0.8139    0.3055    0.3445    0.1292   0.05358   0.01706  0.001619
    48/299      4.8G   0.04878   0.01601  0.001349   0.06614        39       640    0.7989      0.34      0.37    0.1339   0.05302   0.01692  0.001613
    49/299      4.8G   0.05049   0.01603  0.001417   0.06793        48       640    0.6968    0.4268     0.381    0.1304   0.05266   0.01678   0.00158
    50/299      4.8G   0.05062   0.01518  0.001325   0.06713        34       640    0.6929    0.4263    0.3669    0.1421   0.05243   0.01675  0.001559
    51/299      4.8G   0.04971    0.0158   0.00163   0.06714        36       640       0.7      0.42    0.3899    0.1386   0.05228   0.01678  0.001572
    52/299      4.8G   0.04988   0.01563   0.00145   0.06695        42       640    0.8146    0.3134    0.3646    0.1112   0.05378   0.01687  0.001542
    53/299      4.8G   0.05151   0.01547  0.001762   0.06874        38       640    0.8104    0.3369    0.3686     0.127   0.05261   0.01672  0.001575
    54/299      4.8G   0.04879   0.01568  0.001381   0.06585        60       640    0.8335    0.2981    0.3547    0.1263   0.05371   0.01667  0.001553
    55/299      4.8G   0.04911   0.01514  0.001404   0.06566        33       640    0.8352    0.3061    0.3705    0.1312   0.05207   0.01679  0.001546
    56/299      4.8G   0.04908   0.01528  0.001715   0.06608        35       640    0.8258    0.2997    0.3704    0.1364   0.05302   0.01664  0.001574
    57/299      4.8G     0.049   0.01635  0.001613   0.06697        40       640    0.8631    0.3157    0.3939    0.1486   0.05218    0.0165  0.001572
    58/299      4.8G   0.04849   0.01538  0.001238    0.0651        30       640    0.8567    0.3198    0.3769    0.1259   0.05243    0.0167  0.001566
    59/299      4.8G   0.04722   0.01578  0.001312   0.06432        42       640    0.8603    0.3055    0.3941    0.1371   0.05151   0.01674  0.001514
    60/299      4.8G   0.04654   0.01548  0.001317   0.06334        54       640    0.8539    0.3261    0.3896    0.1414     0.052   0.01645  0.001479
    61/299      4.8G   0.04731   0.01608  0.001346   0.06474        69       640    0.8385    0.3266    0.4195    0.1541   0.05172   0.01664  0.001473
    62/299      4.8G     0.048   0.01544  0.001901   0.06534       110       640    0.8399    0.3213    0.4089    0.1524   0.05211    0.0164   0.00149
    63/299      4.8G   0.04736   0.01563  0.001695   0.06468        37       640    0.2965    0.6405    0.4578    0.1697   0.05201   0.01661  0.001498
    64/299      4.8G   0.04656   0.01523  0.001411    0.0632        44       640    0.8461    0.3149    0.4142    0.1501    0.0521   0.01667   0.00152
    65/299      4.8G   0.04788   0.01426  0.001256    0.0634        39       640    0.4415    0.5606    0.4677    0.1779   0.05163   0.01639  0.001512
    66/299      4.8G   0.04582   0.01488  0.001301     0.062        40       640    0.3875    0.6062    0.5195    0.1904   0.05068   0.01651  0.001496
    67/299      4.8G   0.04666   0.01463  0.001179   0.06247        46       640    0.6251    0.5163    0.4936     0.176   0.05156    0.0166  0.001512
    68/299      4.8G   0.04646   0.01482  0.001171   0.06245        35       640    0.5239     0.647    0.5714    0.1879   0.05105   0.01644  0.001468
    69/299      4.8G   0.04675   0.01489  0.001297   0.06294        66       640    0.5028    0.6917    0.5663    0.2133   0.05094   0.01628  0.001462
    70/299      4.8G   0.04595   0.01534  0.001307    0.0626        33       640    0.5151    0.6274    0.5409    0.1935   0.05053   0.01634  0.001476
    71/299      4.8G    0.0475   0.01434  0.001284   0.06312       168       640    0.3891    0.6505    0.4742    0.1686   0.05122   0.01656  0.001497
    72/299      4.8G   0.04648   0.01555 0.0009611   0.06299        43       640    0.4545    0.5973    0.4796    0.1821    0.0512    0.0165  0.001446
    73/299      4.8G   0.04485   0.01504   0.00134   0.06123        42       640    0.4793    0.5949    0.5077    0.1625   0.05076   0.01646  0.001435
    74/299      4.8G   0.04467   0.01526  0.001238   0.06117        40       640    0.4398    0.6805    0.5251    0.1709   0.05148   0.01637  0.001418
    75/299      4.8G   0.04507   0.01473  0.001581   0.06138        44       640    0.4691    0.6222    0.4946    0.1804   0.05167   0.01651  0.001389
    76/299      4.8G   0.04603   0.01467  0.000794   0.06149        54       640    0.5014    0.5471     0.508    0.1617   0.05097   0.01649  0.001421
    77/299      4.8G   0.04515    0.0147  0.001113   0.06097        41       640    0.5794    0.5062     0.531    0.1815   0.05076   0.01654  0.001389
    78/299      4.8G   0.04567   0.01445  0.001284    0.0614        47       640    0.2684     0.724    0.4865    0.1664   0.05141    0.0166  0.001369
    79/299      4.8G   0.04431   0.01434 0.0009769   0.05963        35       640    0.6177    0.5411    0.5585    0.1919   0.05128   0.01646  0.001452
    80/299      4.8G   0.04453    0.0143  0.001003   0.05983        35       640    0.4314    0.6289    0.5048    0.1868   0.05139   0.01651  0.001386
    81/299      4.8G   0.04359   0.01438  0.001144   0.05912        51       640    0.6249    0.5211    0.4941    0.1681   0.05117   0.01661  0.001425
    82/299      4.8G   0.04455   0.01407  0.001066   0.05969        70       640    0.5701    0.5858    0.5566    0.1893   0.05097   0.01647  0.001409
    83/299      4.8G   0.04451   0.01413  0.001082   0.05972        57       640    0.3948    0.6341    0.5039    0.1803   0.05216    0.0164  0.001429
    84/299      4.8G   0.04445     0.015 0.0009745   0.06042        45       640    0.6147    0.4549    0.4884    0.1628   0.05158   0.01634  0.001385
    85/299      4.8G   0.04396   0.01409 0.0009119   0.05896        54       640    0.4554    0.6644    0.5246     0.203   0.05143   0.01631  0.001369
    86/299      4.8G   0.04399   0.01413 0.0008672   0.05899        39       640    0.6605    0.4837    0.5281    0.1763   0.05252   0.01649  0.001378
    87/299      4.8G   0.04322   0.01349  0.001376   0.05809        40       640    0.4889    0.6225    0.5394    0.1801   0.05073   0.01647  0.001341
    88/299      4.8G   0.04295   0.01378 0.0008736   0.05761        46       640    0.5471    0.6548    0.5448    0.2167   0.05065   0.01658   0.00133
    89/299      4.8G   0.04311   0.01515 0.0008962   0.05916        39       640    0.6286    0.6049    0.5847    0.1669   0.05098   0.01657  0.001363
    90/299      4.8G   0.04277    0.0142 0.0008127   0.05777        51       640    0.6217    0.5715     0.541    0.1661    0.0515   0.01641  0.001375
    91/299      4.8G   0.04377   0.01436 0.0007506   0.05889        36       640    0.7041    0.5231    0.5735    0.1953   0.05136   0.01638  0.001393
    92/299      4.8G   0.04261     0.014 0.0007856    0.0574        49       640    0.5061     0.667    0.5826    0.1823   0.05105   0.01647  0.001328
    93/299      4.8G   0.04309   0.01408  0.001066   0.05824        45       640     0.558    0.6634     0.571    0.1922   0.05033   0.01635  0.001311
    94/299      4.8G   0.04333   0.01468 0.0008011   0.05882        40       640    0.4719    0.6265    0.5232    0.1741   0.05137   0.01655  0.001327
    95/299      4.8G   0.04309   0.01368 0.0008123   0.05758        44       640    0.8416    0.4577    0.5472    0.2161   0.05164    0.0167  0.001389
    96/299      4.8G    0.0423   0.01441 0.0006806    0.0574        52       640    0.4631     0.624    0.5273    0.2064    0.0511   0.01652  0.001281
    97/299      4.8G   0.04309   0.01428  0.001073   0.05845        83       640    0.5194    0.6186     0.529     0.181   0.05066   0.01647  0.001375
    98/299      4.8G   0.04319   0.01383 0.0007297   0.05775        39       640    0.5768    0.6025    0.5505    0.2203   0.05113   0.01647  0.001401
    99/299      4.8G   0.04229   0.01403 0.0009194   0.05724        39       640    0.5751    0.5339    0.5027    0.1655   0.04995   0.01669  0.001374
   100/299      4.8G   0.04159   0.01383 0.0009391   0.05636        52       640    0.6398    0.5576    0.5404    0.1849   0.05042   0.01641  0.001453
   101/299      4.8G   0.04162   0.01394 0.0009992   0.05655        69       640     0.821    0.4484      0.54    0.1805   0.05096   0.01658  0.001529
   102/299      4.8G   0.04234   0.01381  0.001077   0.05723        45       640    0.5083    0.6181    0.5299    0.1658   0.05056   0.01662  0.001485
   103/299      4.8G   0.04215   0.01394 0.0006886   0.05677        31       640    0.6962    0.4188    0.4803    0.1901   0.05007   0.01653  0.001428
   104/299      4.8G    0.0418   0.01393 0.0007301   0.05645        42       640    0.6039    0.5691    0.5526    0.1814   0.05095   0.01639  0.001341
   105/299      4.8G   0.04145   0.01393 0.0007045   0.05609        45       640    0.8514    0.4626    0.5674    0.2208   0.04995   0.01654  0.001369
   106/299      4.8G   0.04023   0.01297  0.001282   0.05449        34       640     0.595    0.5334    0.5398    0.2087   0.05044   0.01657  0.001406
   107/299      4.8G   0.04255   0.01384 0.0008714   0.05727        36       640    0.5873    0.4724    0.4861     0.185    0.0509   0.01673  0.001414
   108/299      4.8G   0.04283   0.01369 0.0009912   0.05751        32       640    0.5398    0.6453     0.546    0.2004   0.05039    0.0167   0.00137
   109/299      4.8G   0.04055   0.01295 0.0006674   0.05417        42       640    0.7546    0.5048    0.5365    0.2012   0.05113   0.01662   0.00132
   110/299      4.8G   0.04105   0.01376  0.001013   0.05583        38       640    0.6133    0.5571    0.5437    0.1919   0.05162   0.01672  0.001325
   111/299      4.8G   0.04019   0.01323 0.0005574   0.05398        47       640     0.716     0.465    0.4812    0.1849   0.05116   0.01673  0.001344
   112/299      4.8G     0.041    0.0128 0.0007337   0.05454        53       640     0.487     0.614    0.4904    0.1721   0.05072   0.01663  0.001391
   113/299      4.8G   0.04197   0.01393 0.0007863   0.05669        34       640     0.866    0.4892    0.5502    0.1839   0.05117   0.01672  0.001478
   114/299      4.8G   0.04024   0.01386 0.0007879   0.05488        36       640    0.6116    0.5513    0.5159    0.1882   0.05165   0.01659  0.001392
   115/299      4.8G   0.04109   0.01398 0.0006189   0.05569        40       640    0.5845    0.5733    0.5436    0.2055   0.05133   0.01659  0.001343
   116/299      4.8G   0.04049   0.01337 0.0006605   0.05453        40       640    0.8556    0.5032    0.5334    0.2023   0.05086   0.01654  0.001361
   117/299      4.8G   0.04072    0.0136 0.0009676   0.05529        36       640    0.8492    0.5516    0.5868     0.209   0.05002    0.0166   0.00131
   118/299      4.8G   0.04021   0.01364 0.0006316   0.05448        42       640    0.5674    0.6108    0.5552    0.1681   0.05143   0.01677  0.001302
   119/299      4.8G   0.04068   0.01378 0.0006553   0.05511        74       640    0.8537    0.4895    0.5614    0.2173   0.05148   0.01685  0.001263
   120/299      4.8G   0.03954   0.01279 0.0008277   0.05316        36       640    0.8055    0.5706    0.5971    0.2263   0.05076   0.01668  0.001346
   121/299      4.8G   0.04042   0.01302  0.000602   0.05404        34       640    0.7219    0.5832    0.5826    0.1685   0.05026   0.01655  0.001336
   122/299      4.8G   0.04115   0.01331 0.0006753   0.05514        34       640     0.747    0.5601    0.5539    0.2191   0.05033   0.01644  0.001298
   123/299      4.8G   0.04092   0.01403  0.001043     0.056        39       640    0.8623    0.5792    0.5983    0.2472   0.05031   0.01658  0.001403
   124/299      4.8G   0.04055   0.01365 0.0006424   0.05485        55       640    0.7618     0.503    0.5528     0.217   0.05032   0.01678   0.00135
   125/299      4.8G   0.03966   0.01359 0.0007776   0.05402        38       640    0.8165    0.6039    0.6171    0.2278    0.0501   0.01675  0.001346
   126/299      4.8G   0.03934   0.01339 0.0005667   0.05329        45       640    0.8297    0.5999    0.5987    0.2267   0.05018   0.01676   0.00133
   127/299      4.8G   0.03974   0.01292 0.0007732   0.05343        35       640    0.8422    0.5596    0.5707    0.2069   0.05095   0.01661  0.001335
   128/299      4.8G   0.03911   0.01352 0.0005576   0.05319        75       640    0.5799    0.5265    0.4746    0.1674   0.05098   0.01668  0.001367
   129/299      4.8G   0.04052   0.01421 0.0006862   0.05542        47       640    0.7749     0.497    0.5378    0.2154   0.05038   0.01656  0.001264
   130/299      4.8G   0.03918   0.01304 0.0008749    0.0531        45       640    0.7673    0.6043      0.61     0.231   0.04935   0.01651  0.001283
   131/299      4.8G   0.03962   0.01293 0.0007606   0.05331        67       640    0.8447    0.5966     0.618    0.2061   0.04978   0.01668  0.001366
   132/299      4.8G   0.03876   0.01255 0.0004904    0.0518        35       640    0.8164    0.5711    0.5967    0.2254   0.05028   0.01671  0.001283
   133/299      4.8G   0.03898   0.01318 0.0007614   0.05292        59       640    0.8038    0.5738    0.6131    0.2446   0.05096   0.01683  0.001297
   134/299      4.8G   0.03828   0.01321 0.0005582   0.05204        53       640    0.6028    0.6541    0.5866    0.2056   0.05103   0.01674  0.001316
   135/299      4.8G   0.03918   0.01321  0.000566   0.05296        41       640     0.789    0.5875    0.5992    0.2501   0.04989   0.01668  0.001248
   136/299      4.8G   0.03853   0.01272  0.000647    0.0519        47       640    0.8693    0.5804    0.6156    0.2274   0.04955   0.01648  0.001315
   137/299      4.8G   0.03827   0.01357 0.0007192   0.05256        35       640     0.801    0.5829    0.6099    0.2509   0.05038   0.01658  0.001304
   138/299      4.8G   0.03937    0.0128 0.0005998   0.05277        56       640    0.8463     0.597     0.623    0.2777   0.04996   0.01651  0.001215
   139/299      4.8G   0.03832   0.01308 0.0004751   0.05187        60       640    0.7357    0.5818    0.5682    0.2179   0.05041   0.01674  0.001311
   140/299      4.8G    0.0388   0.01324 0.0005991   0.05264        47       640    0.8307    0.5461    0.6028    0.2244   0.05038   0.01673  0.001325
   141/299      4.8G   0.03819    0.0131   0.00074   0.05203        39       640    0.6089    0.5143     0.495     0.207   0.05028   0.01668  0.001331
   142/299      4.8G   0.03912   0.01377 0.0006136    0.0535        80       640    0.7476    0.6157    0.6198    0.2504   0.05009   0.01657  0.001197
   143/299      4.8G   0.03983   0.01292 0.0005093   0.05326        38       640    0.7428    0.6143    0.5944    0.2199   0.04997   0.01653  0.001239
   144/299      4.8G   0.03984   0.01336 0.0005369   0.05373        57       640     0.767    0.5514    0.5808    0.2102   0.05028   0.01672  0.001313
   145/299      4.8G    0.0385   0.01343  0.000426   0.05235        38       640    0.7571    0.6046    0.5991     0.228   0.05013   0.01671  0.001282
   146/299      4.8G   0.03821   0.01362 0.0005608   0.05239        55       640    0.7197    0.6044    0.5886    0.2123   0.05021   0.01665  0.001291
   147/299      4.8G   0.03785   0.01271 0.0006138   0.05117        49       640    0.8345    0.5645     0.608    0.2123   0.05045    0.0167  0.001299
   148/299      4.8G   0.03798    0.0131 0.0005966   0.05167        54       640     0.619    0.5665    0.5358    0.2057   0.05064   0.01666  0.001245
   149/299      4.8G   0.03732   0.01274 0.0007626   0.05082        47       640    0.6679    0.6245    0.6012    0.2472   0.05068   0.01669  0.001272
   150/299      4.8G   0.03836   0.01271 0.0005464   0.05161        42       640    0.8233    0.6158    0.6176    0.2535   0.05028   0.01662  0.001256
   151/299      4.8G   0.03799   0.01324 0.0004175   0.05165        38       640    0.8246    0.6119    0.6071    0.2563   0.05068   0.01664  0.001298
   152/299      4.8G   0.03838   0.01255 0.0005401   0.05146        39       640    0.7221    0.6186    0.6057    0.2271   0.05044   0.01658  0.001242
   153/299      4.8G   0.03705   0.01255 0.0007932    0.0504        34       640    0.5866    0.6517    0.6043    0.2514   0.04999   0.01673  0.001389
   154/299      4.8G   0.03774   0.01348 0.0005388   0.05176        45       640     0.876      0.54    0.6186    0.2706   0.05042   0.01673  0.001262
   155/299      4.8G   0.03805   0.01376 0.0005236   0.05234        40       640     0.744    0.6169    0.6249    0.2491   0.05035   0.01669  0.001237
   156/299      4.8G   0.03746   0.01318 0.0004784   0.05112        33       640    0.7646    0.5616    0.5935    0.2231   0.05026   0.01662  0.001337
   157/299      4.8G   0.03739   0.01331 0.0007858   0.05148        42       640    0.7001    0.6083     0.579    0.2229   0.05044   0.01677  0.001385
   158/299      4.8G   0.03708   0.01291 0.0006411   0.05063        39       640    0.5482    0.6669    0.5833    0.2325   0.05139    0.0169   0.00125
   159/299      4.8G   0.03709   0.01291 0.0005894    0.0506        54       640    0.6762    0.5767    0.5915     0.211   0.05093   0.01671  0.001276
   160/299      4.8G   0.03847   0.01331 0.0003912   0.05217        93       640    0.7423    0.5699    0.5948    0.2466   0.05141   0.01677   0.00129
   161/299      4.8G   0.03827   0.01263 0.0006363   0.05154        39       640    0.8307    0.5301    0.5687    0.2237   0.05169   0.01684  0.001308
   162/299      4.8G   0.03707   0.01256 0.0005794    0.0502        70       640    0.8037    0.6137    0.6091     0.225   0.05115   0.01672  0.001201
   163/299      4.8G   0.03665   0.01246 0.0007109   0.04982        39       640    0.8085    0.6157    0.6194    0.2381   0.05056    0.0169  0.001187
   164/299      4.8G   0.03812   0.01242 0.0004458   0.05098        55       640      0.82     0.603    0.6184    0.2672   0.05083   0.01688  0.001208
   165/299      4.8G   0.03621   0.01252 0.0004029   0.04913        57       640    0.8158    0.6085    0.6216     0.247   0.05101   0.01702  0.001244
   166/299      4.8G    0.0367   0.01306 0.0005741   0.05033        63       640    0.8668    0.5799    0.6014     0.243    0.0515   0.01702  0.001297
   167/299      4.8G   0.03679   0.01304 0.0004334   0.05027        51       640     0.781    0.5383     0.557    0.2301   0.05123   0.01693  0.001267
   168/299      4.8G   0.03663   0.01235 0.0006219   0.04961        35       640    0.8989    0.5599    0.6129    0.2387   0.05141   0.01708   0.00127
   169/299      4.8G   0.03611   0.01258 0.0007199   0.04941        46       640    0.7157    0.5961     0.599    0.2482   0.05153   0.01717   0.00125
   170/299      4.8G   0.03703   0.01246 0.0006957   0.05018        33       640    0.7779     0.597    0.6095    0.2126   0.05024   0.01689  0.001262
   171/299      4.8G   0.03587   0.01208  0.000675   0.04863        40       640    0.8531    0.5606    0.6218    0.2409   0.05004   0.01681  0.001274
   172/299      4.8G   0.03617   0.01286 0.0003793   0.04941        49       640    0.7583    0.5981    0.6202    0.2656   0.05062   0.01684   0.00122
   173/299      4.8G   0.03728   0.01325 0.0006001   0.05113        53       640    0.8527    0.5946    0.6221    0.2464   0.05067   0.01693  0.001351
   174/299      4.8G   0.03558   0.01198  0.000713   0.04827        38       640    0.8106    0.6039    0.6084    0.2183   0.05106   0.01703  0.001243
   175/299      4.8G   0.03606   0.01258   0.00042   0.04906        40       640    0.8954    0.5312    0.5852    0.2079   0.05052   0.01696  0.001209
   176/299      4.8G   0.03654   0.01237 0.0005097   0.04942        44       640    0.8048    0.5835    0.6179    0.2297   0.05091   0.01699  0.001197
   177/299      4.8G   0.03646   0.01239 0.0007806   0.04963        57       640    0.7513    0.5861    0.6196    0.2258   0.05051   0.01689  0.001213
   178/299      4.8G   0.03553   0.01169 0.0003831    0.0476        46       640    0.8377    0.6044    0.6179    0.2286   0.05062   0.01699   0.00123
   179/299      4.8G   0.03644   0.01261 0.0005018   0.04955        96       640    0.7693     0.601    0.6115    0.2523   0.05046   0.01709  0.001262
   180/299      4.8G   0.03639    0.0125 0.0003415   0.04923        40       640    0.7405    0.5804     0.612    0.2363   0.05128   0.01717  0.001239
   181/299      4.8G   0.03621   0.01277 0.0004003   0.04939        54       640    0.8588    0.5866    0.6178    0.2271   0.05144   0.01709  0.001172
   182/299      4.8G    0.0355   0.01199 0.0004819   0.04797        35       640    0.8793     0.578     0.632    0.2584   0.05116   0.01711  0.001193
   183/299      4.8G   0.03525   0.01199 0.0004667   0.04771        38       640    0.8756    0.5866    0.6405    0.2656   0.05051   0.01708  0.001217
   184/299      4.8G   0.03565   0.01265 0.0003564   0.04865        43       640    0.7565    0.6493    0.6361     0.234   0.05122   0.01708  0.001226
   185/299      4.8G   0.03595    0.0124   0.00041   0.04876        43       640    0.8817    0.5736    0.6259    0.2577   0.05084   0.01697  0.001245
   186/299      4.8G   0.03499   0.01188 0.0004717   0.04735        35       640    0.8278    0.4883    0.5752    0.2234   0.05074   0.01693  0.001264
   187/299      4.8G   0.03708   0.01273 0.0004516   0.05025        43       640    0.6344    0.6093    0.5963    0.2447   0.05065   0.01696  0.001212
   188/299      4.8G   0.03568   0.01267 0.0002864   0.04863        43       640    0.6659       0.6    0.5898    0.2319   0.05129   0.01706  0.001176
   189/299      4.8G   0.03506   0.01182 0.0003184    0.0472        31       640    0.7074    0.5991    0.5827    0.2116   0.05117   0.01718  0.001258
   190/299      4.8G   0.03599   0.01235 0.0005521   0.04889        34       640     0.812    0.6137    0.6151    0.2157   0.05045   0.01708  0.001222
   191/299      4.8G   0.03617   0.01239 0.0004834   0.04905        39       640    0.6539    0.5633    0.5711    0.2333   0.05038   0.01712  0.001212
   192/299      4.8G   0.03506   0.01223  0.000603    0.0479        44       640    0.8767    0.5745    0.6088    0.2348   0.05064   0.01708  0.001274
   193/299      4.8G    0.0353   0.01223 0.0004361   0.04797        55       640    0.8064    0.5818    0.5958     0.231   0.05053   0.01711  0.001238
   194/299      4.8G   0.03567   0.01247  0.000417   0.04856        46       640     0.717    0.5594    0.5722    0.2241   0.05023   0.01699  0.001179
   195/299      4.8G   0.03515   0.01258 0.0002913   0.04802        42       640    0.7668    0.5663    0.5908    0.2409   0.05025   0.01712   0.00117
   196/299      4.8G   0.03541   0.01169 0.0003671   0.04747        37       640    0.7258    0.5927    0.6009    0.2364   0.05096   0.01702  0.001201
   197/299      4.8G   0.03531   0.01274 0.0004316   0.04848        39       640    0.8796    0.5741    0.6105    0.2619   0.05077   0.01715  0.001198
   198/299      4.8G   0.03623   0.01191 0.0004042   0.04854        41       640    0.7997    0.5739    0.5985    0.2164   0.05083   0.01708  0.001224
   199/299      4.8G   0.03448   0.01236 0.0005178   0.04736        36       640    0.7086    0.5765    0.5836    0.2346    0.0511   0.01716  0.001189
   200/299      4.8G   0.03483   0.01207 0.0004976    0.0474        42       640    0.8175    0.5633    0.6041    0.2414   0.05114     0.017  0.001203
   201/299      4.8G   0.03465   0.01189 0.0003684   0.04692        38       640     0.809    0.5195    0.5861    0.2338   0.05088   0.01714  0.001176
   202/299      4.8G   0.03529   0.01238 0.0004117   0.04809        58       640    0.7193    0.5878    0.6002     0.232   0.05024   0.01705  0.001187
   203/299      4.8G   0.03409   0.01245 0.0003226   0.04687        66       640    0.6884    0.5917    0.5766    0.2399   0.04984   0.01725   0.00121
   204/299      4.8G   0.03455   0.01155 0.0003495   0.04645        35       640    0.8724    0.5863    0.6105    0.2644   0.05015   0.01724  0.001187
   205/299      4.8G   0.03533   0.01203 0.0005381    0.0479        49       640    0.8886    0.5243    0.6069    0.2458   0.05037     0.017  0.001203
   206/299      4.8G   0.03465   0.01259 0.0003888   0.04763        48       640    0.8678    0.5804    0.6151    0.2762   0.05045   0.01705  0.001188
   207/299      4.8G     0.035   0.01192 0.0003324   0.04726        35       640    0.7637    0.5524    0.5821    0.2463   0.05078   0.01711  0.001213
   208/299      4.8G   0.03487   0.01186 0.0003287   0.04705        36       640    0.7699    0.5912     0.596     0.249   0.05037   0.01699  0.001163
   209/299      4.8G   0.03537    0.0122 0.0003654   0.04794        65       640    0.8878    0.5312    0.5884    0.2319   0.05037   0.01707  0.001194
   210/299      4.8G    0.0337   0.01173 0.0002953   0.04572        63       640    0.8587    0.5493    0.5964    0.2338   0.05053   0.01721  0.001123
   211/299      4.8G   0.03411   0.01224  0.000577   0.04692        50       640    0.8654    0.5819    0.6137    0.2505    0.0506   0.01724  0.001154
   212/299      4.8G   0.03421   0.01142 0.0004757    0.0461        35       640    0.8921    0.5589     0.626    0.2535   0.05039   0.01719  0.001189
   213/299      4.8G   0.03478   0.01224 0.0002608   0.04728        60       640    0.8799    0.5645    0.6212    0.2543    0.0507   0.01724  0.001192
   214/299      4.8G   0.03434   0.01198 0.0003839   0.04671        47       640    0.7924    0.5758    0.6124     0.253   0.05013   0.01715  0.001172
   215/299      4.8G   0.03408   0.01206  0.000408   0.04654        45       640    0.7345    0.5832    0.5986    0.2284   0.05049   0.01727  0.001156
   216/299      4.8G   0.03382   0.01188 0.0005876   0.04629        48       640    0.8006    0.5716    0.6058      0.25   0.05102    0.0171  0.001179
   217/299      4.8G   0.03465   0.01214 0.0003472   0.04714        42       640    0.8883    0.5657    0.6125    0.2553   0.05042   0.01704  0.001166
   218/299      4.8G   0.03481   0.01222 0.0004805   0.04751        45       640    0.7747    0.5959    0.6003    0.2446   0.05062    0.0172  0.001149
   219/299      4.8G   0.03427   0.01215 0.0002814    0.0467        47       640     0.863    0.5428    0.5964    0.2287   0.05077   0.01717  0.001152
   220/299      4.8G   0.03361   0.01179 0.0003624   0.04576        58       640    0.7326    0.5268    0.5745    0.2268   0.05071   0.01728  0.001188
   221/299      4.8G   0.03389   0.01205 0.0004161   0.04636        42       640    0.7578    0.5731    0.6014    0.2436   0.05035   0.01718  0.001199
   222/299      4.8G   0.03479   0.01255 0.0002889   0.04763       137       640    0.7429    0.5228     0.577    0.2502   0.05003   0.01722  0.001152
   223/299      4.8G   0.03414    0.0117 0.0003426   0.04618        93       640    0.7961     0.586    0.5988    0.2548   0.05041   0.01729  0.001165
   224/299      4.8G   0.03438   0.01193 0.0003448   0.04665        43       640    0.7268    0.5868    0.5959     0.234   0.04999   0.01727  0.001156
   225/299      4.8G   0.03466   0.01209 0.0008136   0.04757        49       640    0.7309     0.532    0.5791     0.232    0.0504   0.01745  0.001869
   226/299      4.8G   0.03463   0.01196 0.0005165    0.0471        34       640      0.73    0.5626    0.5869    0.2511   0.05075   0.01749  0.001842
   227/299      4.8G   0.03383   0.01178 0.0003599   0.04596        32       640    0.7714     0.515    0.5827    0.2384   0.05065   0.01735  0.001393
   228/299      4.8G   0.03407   0.01197 0.0002549    0.0463        39       640    0.6445    0.6326    0.5996    0.2291   0.05042   0.01739  0.001262
   229/299      4.8G   0.03378   0.01178 0.0005348   0.04609        58       640    0.6184    0.6422    0.5534    0.2309    0.0506   0.01739  0.001264
   230/299      4.8G   0.03394   0.01171 0.0004147   0.04606        57       640    0.5889    0.6429     0.568    0.2237   0.05066   0.01737  0.001308
   231/299      4.8G   0.03333   0.01145 0.0003873   0.04517        46       640    0.8124    0.5687    0.6071    0.2304   0.05089   0.01728   0.00126
   232/299      4.8G    0.0339   0.01198  0.000408   0.04629        43       640    0.7054    0.6269     0.597    0.2494   0.05095   0.01734  0.001263
   233/299      4.8G   0.03417   0.01195 0.0003748   0.04649        42       640    0.7011    0.6309    0.5969    0.2498   0.05098   0.01729  0.001191
   234/299      4.8G   0.03372   0.01246 0.0003808   0.04656        56       640     0.809    0.5638    0.6052    0.2405   0.05072   0.01733  0.001192
   235/299      4.8G   0.03272    0.0113 0.0003798    0.0444        37       640    0.8367    0.5486    0.6138    0.2388   0.05059   0.01732  0.001234
   236/299      4.8G   0.03306   0.01179 0.0003883   0.04524        39       640     0.833     0.556    0.6163    0.2402   0.05066   0.01735   0.00126
   237/299      4.8G   0.03393   0.01187  0.000425   0.04622        37       640    0.7437    0.5872    0.6026    0.2422   0.05071    0.0173  0.001171
   238/299      4.8G   0.03283   0.01173 0.0004221   0.04498        40       640     0.657    0.6437    0.5992    0.2372   0.05072   0.01737  0.001168
   239/299      4.8G   0.03412   0.01207 0.0001926   0.04638        33       640    0.7065    0.6302    0.6071    0.2401   0.05093   0.01747  0.001268
   240/299      4.8G   0.03461   0.01256 0.0003518   0.04752        48       640    0.7031    0.6315    0.6043    0.2587   0.05119   0.01747  0.001233
   241/299      4.8G    0.0335   0.01182 0.0002454   0.04557        49       640    0.7839    0.6339    0.6152    0.2371   0.05072   0.01724  0.001144
   242/299      4.8G   0.03268   0.01169 0.0002761   0.04465        48       640     0.727    0.6363    0.6033    0.2607   0.05071   0.01722  0.001142
   243/299      4.8G   0.03322   0.01159  0.000223   0.04503        36       640    0.6178     0.649    0.5704    0.2298   0.05145   0.01751    0.0012
   244/299      4.8G   0.03402   0.01237 0.0003302   0.04672        44       640     0.682    0.6414    0.6115    0.2585   0.05094   0.01746  0.001178
   245/299      4.8G   0.03399    0.0119 0.0002518   0.04614        36       640    0.7628    0.6399     0.619    0.2438    0.0507   0.01725  0.001138
   246/299      4.8G    0.0332   0.01186 0.0002462    0.0453        39       640     0.892    0.5652    0.6178    0.2295   0.05074   0.01729   0.00115
   247/299      4.8G   0.03328    0.0116 0.0002705   0.04515        44       640    0.8997    0.5599    0.6243    0.2399   0.05069   0.01736  0.001182
   248/299      4.8G   0.03332   0.01137 0.0002075    0.0449        97       640    0.8964    0.5701    0.6291    0.2647   0.05045   0.01738  0.001188
   249/299      4.8G    0.0335   0.01154 0.0003145   0.04535        37       640    0.8916    0.5744    0.6268      0.24   0.05042   0.01746  0.001159
   250/299      4.8G   0.03324   0.01145 0.0002326   0.04492        40       640    0.8067    0.5798    0.6161    0.2536   0.05054   0.01747  0.001146
   251/299      4.8G   0.03366   0.01157  0.000343   0.04557        54       640    0.8927    0.5701    0.6221    0.2408   0.05045   0.01738  0.001165
   252/299      4.8G   0.03375   0.01174 0.0002498   0.04573        48       640    0.7954    0.5457    0.5975    0.2496   0.05019   0.01724  0.001151
   253/299      4.8G   0.03284   0.01125  0.000403   0.04449        45       640    0.7889    0.5925    0.6089    0.2329    0.0504   0.01725  0.001148
   254/299      4.8G   0.03279    0.0113 0.0002787   0.04437        37       640    0.7312    0.5939    0.5902    0.2537   0.05028   0.01734  0.001155
   255/299      4.8G   0.03362   0.01172 0.0005361   0.04588        47       640    0.8172    0.5745     0.607    0.2638   0.05046   0.01729  0.001172
   256/299      4.8G   0.03356   0.01137 0.0003398   0.04526        41       640    0.8955    0.5647    0.6246    0.2777   0.05032    0.0173  0.001164
   257/299      4.8G   0.03295   0.01219 0.0004861   0.04562        49       640    0.7528    0.5798    0.6087    0.2572   0.05051   0.01736  0.001205
   258/299      4.8G   0.03344    0.0114 0.0004056   0.04525        39       640    0.7563    0.5858    0.6033    0.2436   0.05026   0.01738  0.001174
   259/299      4.8G   0.03205     0.011 0.0004147   0.04346        47       640    0.8737     0.588    0.6104    0.2252   0.05057   0.01732  0.001144
   260/299      4.8G   0.03327   0.01218 0.0004005   0.04585        42       640    0.8222    0.5135    0.5912    0.2461   0.05068   0.01742  0.001152
   261/299      4.8G   0.03367   0.01198 0.0001914   0.04584        65       640    0.7464    0.6348    0.6301    0.2604   0.05056   0.01736  0.001159
   262/299      4.8G   0.03363   0.01218 0.0003621   0.04618        43       640    0.9115      0.55    0.6229    0.2592    0.0506   0.01741  0.001168
   263/299      4.8G   0.03399   0.01214 0.0003557   0.04648        45       640     0.864    0.5628    0.6242    0.2592   0.05073   0.01744  0.001168
   264/299      4.8G   0.03317   0.01225 0.0002793   0.04569        43       640     0.909     0.549    0.6231    0.2517   0.05066   0.01731  0.001177
   265/299      4.8G   0.03253   0.01139 0.0006671   0.04459        35       640    0.7721    0.5662    0.6087    0.2327   0.05073   0.01734  0.001141
   266/299      4.8G   0.03289   0.01184  0.000218   0.04495        45       640    0.8258    0.5623    0.6104    0.2313   0.05037   0.01739  0.001117
   267/299      4.8G   0.03305    0.0117 0.0005289   0.04527        35       640    0.9073    0.5524    0.6173    0.2499   0.05032   0.01743  0.001154
   268/299      4.8G   0.03236   0.01189 0.0003195   0.04457        67       640     0.905    0.5633    0.6203    0.2362   0.05041   0.01741  0.001158
   269/299      4.8G   0.03328   0.01156 0.0002985   0.04514        64       640    0.8275    0.5133      0.58    0.2257   0.05039   0.01742  0.001151
   270/299      4.8G   0.03277   0.01104 0.0003568   0.04417        32       640    0.8993    0.5647    0.6164    0.2322   0.05032   0.01739  0.001136
   271/299      4.8G   0.03319   0.01185 0.0002438   0.04528        54       640    0.8933    0.5667    0.6186    0.2482   0.05044   0.01746  0.001142
   272/299      4.8G   0.03216   0.01135 0.0002457   0.04375        49       640    0.8852    0.5706    0.6202    0.2674   0.05063   0.01752   0.00113
   273/299      4.8G   0.03223   0.01097 0.0003763   0.04357        41       640    0.8932    0.5685    0.6215    0.2358   0.05055   0.01746  0.001129
   274/299      4.8G   0.03267   0.01115 0.0002191   0.04404        49       640    0.9107    0.5574    0.6191    0.2457   0.05053    0.0174  0.001165
   275/299      4.8G   0.03232   0.01168  0.000339   0.04433        32       640    0.7377     0.637    0.6227    0.2568    0.0506   0.01742  0.001151
   276/299      4.8G   0.03319    0.0111 0.0002289   0.04452        48       640    0.8907    0.5687    0.6201    0.2484   0.05042   0.01736  0.001139
   277/299      4.8G   0.03137   0.01083 0.0002684   0.04247        52       640    0.7959    0.5897    0.6083    0.2404   0.05089   0.01739  0.001133
   278/299      4.8G   0.03281   0.01118 0.0004129    0.0444        43       640    0.7879    0.4933    0.5413    0.2006   0.05081   0.01742  0.001095
   279/299      4.8G   0.03333   0.01146  0.000243   0.04503        77       640    0.7976    0.4887    0.5304    0.1802   0.05047    0.0174  0.001081
   280/299      4.8G   0.03401   0.01221 0.0003838   0.04661        47       640    0.8763    0.5724      0.62    0.2441   0.05083   0.01732  0.001116
   281/299      4.8G   0.03227   0.01143 0.0003089   0.04401        36       640    0.8855    0.5627     0.626    0.2518   0.05072   0.01733   0.00111
   282/299      4.8G   0.03337   0.01167 0.0003315   0.04537        45       640     0.878     0.571    0.6251     0.242   0.05071   0.01739  0.001104
   283/299      4.8G   0.03281   0.01159 0.0001859   0.04459        40       640    0.8814    0.5599     0.619    0.2398   0.05089   0.01744  0.001125
   284/299      4.8G   0.03215   0.01156 0.0002474   0.04396        35       640    0.8667    0.5534     0.622    0.2452    0.0509   0.01733  0.001109
   285/299      4.8G   0.03271   0.01169 0.0004187   0.04482        47       640    0.8761    0.5618    0.6184    0.2365   0.05043   0.01726  0.001092
   286/299      4.8G   0.03311   0.01123 0.0004587    0.0448        42       640    0.7393    0.6484    0.6279    0.2383   0.05034   0.01723  0.001092
   287/299      4.8G    0.0328   0.01133  0.000337   0.04446        38       640    0.8388    0.5736    0.6178    0.2438   0.05065    0.0173  0.001103
   288/299      4.8G   0.03226   0.01165 0.0004708   0.04438        49       640    0.8856    0.5638    0.6139     0.236   0.05069   0.01735  0.001075
   289/299      4.8G   0.03294   0.01205 0.0002225   0.04521        53       640    0.8771    0.5656     0.613    0.2359   0.05062    0.0174  0.001086
   290/299      4.8G   0.03442   0.01165 0.0002509   0.04632        46       640    0.8188    0.5687    0.6044    0.2537   0.05056   0.01755  0.001125
   291/299      4.8G   0.03296   0.01158 0.0001956   0.04474        40       640    0.8985    0.5643    0.6117    0.2404   0.05073   0.01749  0.001142
   292/299      4.8G   0.03266   0.01196  0.000513   0.04513        45       640     0.897    0.5601    0.6101    0.2366   0.05044   0.01741  0.001129
   293/299      4.8G    0.0328   0.01186 0.0003377     0.045        42       640    0.8972    0.5721    0.6091    0.2384   0.05045   0.01739  0.001112
   294/299      4.8G    0.0332   0.01124 0.0002969   0.04474        41       640    0.8922     0.577    0.6139    0.2401   0.05024   0.01742  0.001101
   295/299      4.8G   0.03235   0.01131 0.0003213   0.04398        34       640    0.8125    0.5741    0.6044    0.2448   0.05045   0.01742  0.001106
   296/299      4.8G   0.03293   0.01189 0.0002289   0.04505        56       640    0.7676    0.5697    0.5952    0.2271   0.05041   0.01748  0.001138
   297/299      4.8G   0.03361   0.01189 0.0003116   0.04581        44       640    0.8694    0.5637    0.6118    0.2332   0.05026    0.0175  0.001167
   298/299      4.8G   0.03188   0.01128  0.000214   0.04337        36       640    0.8931    0.5574    0.6185    0.2415   0.05007   0.01742  0.001162
   299/299      4.8G   0.03324   0.01096 0.0002633   0.04446        38       640    0.9048    0.5613    0.6167    0.2382    0.0501   0.01741  0.001135
