     0/299    0.524G    0.1254   0.03562   0.03064    0.1916        43       640  0.001597  0.006366 0.0001654 2.167e-05    0.1197   0.02401    0.0264
     1/299     3.78G     0.116   0.02271   0.02009    0.1588        41       640  0.001683   0.01322 0.0002619 4.514e-05     0.111   0.02335   0.01737
     2/299     5.47G     0.111   0.02178   0.01384    0.1467        38       640  0.002811   0.01567 0.0008457 0.0001115    0.1059    0.0239   0.01221
     3/299     5.47G    0.1074   0.02378   0.01052    0.1417        35       640  0.003506   0.03869 0.0008471 0.0001416    0.1012   0.02509  0.009162
     4/299     5.47G    0.1013   0.02552  0.007751    0.1346        41       640  0.006758   0.03673  0.001806 0.0003063   0.09588   0.02679  0.007062
     5/299     5.47G   0.09607   0.02704  0.006416    0.1295        36       640   0.01415   0.03673  0.005267 0.0008384   0.08955   0.02872  0.005563
     6/299     5.47G   0.08866   0.02794  0.005046    0.1217        60       640   0.02745    0.1224   0.01484  0.002605    0.0831   0.03046  0.004449
     7/299     5.47G   0.08424   0.03042  0.003952    0.1186        34       640     0.559    0.1533   0.03333  0.006395   0.07789   0.03117  0.003658
     8/299     5.47G   0.07878    0.0288  0.003285    0.1109        35       640     0.595    0.1545   0.05578   0.01207   0.07517   0.03065  0.003161
     9/299     5.48G   0.07664   0.02936   0.00312    0.1091        39       640    0.6103    0.1894   0.07202   0.01524   0.07393   0.02926  0.002859
    10/299     5.48G   0.07349   0.02746  0.002705    0.1037        42       640    0.6374     0.169   0.08564   0.02107   0.06985   0.02832  0.002524
    11/299     5.48G   0.07176   0.02575  0.002451   0.09997        35       640    0.6148    0.2037   0.08687   0.01974   0.07018   0.02606  0.002289
    12/299     5.48G   0.07036   0.02488  0.002516   0.09775        40       640    0.6368    0.2086    0.1013   0.02338   0.06682   0.02526  0.002135
    13/299     5.48G   0.06912   0.02362  0.002619   0.09536        44       640    0.6442    0.2179    0.1148   0.02592   0.06674   0.02348     0.002
    14/299     5.48G   0.06855   0.02288  0.002315   0.09375        38       640    0.6517    0.2267     0.127   0.02791   0.06515   0.02259  0.001907
    15/299     5.48G   0.06844   0.02207  0.001696    0.0922        56       640    0.6291    0.1969    0.1092   0.02381   0.06709   0.02162   0.00187
    16/299     5.48G   0.06741   0.02091  0.002089   0.09041        47       640    0.6782    0.2194    0.1486   0.03536   0.06327   0.02112  0.001797
    17/299     5.48G   0.06479   0.02095  0.001841   0.08759        42       640    0.6626    0.2644    0.1592   0.04033   0.06349   0.02068  0.001753
    18/299     5.48G   0.06584   0.02122  0.001618   0.08868        36       640    0.6681    0.2321    0.1496   0.03557   0.06378   0.02031  0.001727
    19/299     5.48G   0.06465   0.01899  0.002369     0.086        46       640    0.6758    0.2498    0.1583   0.03996   0.06251   0.01982  0.001726
    20/299     5.48G   0.06447    0.0191  0.001693   0.08526        34       640    0.6978    0.2434    0.1787   0.05061   0.06151   0.01976  0.001711
    21/299     5.48G   0.06351   0.01908  0.001634   0.08423        43       640    0.6639    0.2194    0.1422   0.03533   0.06412   0.01915  0.001676
    22/299     5.48G   0.06245   0.01944  0.001893   0.08379        50       640    0.7241    0.2359    0.1922   0.05363      0.06   0.01912  0.001667
    23/299     5.48G   0.06287    0.0184  0.001887   0.08316        35       640    0.7049    0.2409    0.1952   0.05011   0.06179   0.01885  0.001638
    24/299     5.48G    0.0618   0.01875  0.001826   0.08238        55       640    0.7085    0.2571    0.2067   0.06034   0.06018   0.01847  0.001648
    25/299     5.48G   0.06129   0.01862  0.002299   0.08221        44       640    0.6809    0.2635    0.1768   0.04587   0.06161   0.01869  0.001634
    26/299     5.48G    0.0614   0.01873  0.001702   0.08183        37       640     0.705    0.2458    0.1897   0.05377   0.05882    0.0189  0.001649
    27/299     5.48G   0.06213   0.01786  0.001455   0.08144        44       640    0.7458      0.26    0.2276   0.06634   0.05776   0.01833  0.001633
    28/299     5.48G   0.06057   0.01794  0.001488   0.07999       166       640     0.766    0.2679    0.2567   0.07447   0.05683   0.01843  0.001627
    29/299     5.48G   0.06271   0.01777  0.002114    0.0826        51       640     0.776    0.2467    0.2411    0.0717   0.05701   0.01811  0.001673
    30/299     5.48G   0.05921   0.01798  0.001888   0.07907        37       640     0.756    0.2662    0.2512   0.07225   0.05836     0.018   0.00163
    31/299     5.48G   0.05865   0.01777  0.001572   0.07799        48       640    0.7736    0.3031     0.279   0.08375   0.05598   0.01803  0.001617
    32/299     5.48G    0.0571   0.01723  0.001852   0.07618        73       640     0.789    0.2716    0.2629   0.08368    0.0551   0.01772  0.001579
    33/299     5.48G   0.05613   0.01721  0.001732   0.07507        43       640    0.7637    0.2718    0.2507    0.0731   0.05646   0.01752  0.001562
    34/299     5.48G   0.05465   0.01779  0.001996   0.07444        67       640    0.7589    0.3115    0.2726   0.08536   0.05401   0.01763  0.001545
    35/299     5.48G   0.05572    0.0174  0.001792   0.07491        46       640    0.7969     0.285    0.2784   0.08595   0.05523   0.01759  0.001541
    36/299     5.48G    0.0538   0.01712  0.001769   0.07269        57       640    0.7958     0.286     0.289   0.08562   0.05536   0.01738   0.00152
    37/299     5.48G   0.05456   0.01756  0.001526   0.07365        68       640    0.8239    0.3173    0.3281    0.1106   0.05361   0.01714  0.001495
    38/299     5.48G   0.05383   0.01669  0.001884   0.07241        49       640    0.8189    0.3031     0.305    0.1019   0.05385   0.01707  0.001503
    39/299     5.48G   0.05289   0.01685  0.001582   0.07132        47       640    0.7956    0.2977    0.2868   0.08542   0.05581   0.01725  0.001506
    40/299     5.48G   0.05371   0.01626  0.001668   0.07164        55       640    0.8267    0.3084    0.3203    0.1073    0.0534   0.01705  0.001487
    41/299     5.48G   0.05354    0.0156  0.001435   0.07057        43       640     0.813    0.2991    0.3039   0.09692   0.05327   0.01711  0.001478
    42/299     5.48G    0.0511   0.01633  0.001551   0.06898        51       640    0.8473    0.3022    0.3251    0.1114   0.05274    0.0169  0.001455
    43/299     5.48G   0.05222   0.01639  0.001195    0.0698        35       640      0.79    0.3138    0.3049   0.09939   0.05307   0.01726  0.001454
    44/299     5.48G   0.05077   0.01626  0.001614   0.06864        49       640    0.8164    0.3178    0.3535    0.1261   0.05246   0.01702  0.001463
    45/299     5.48G   0.05065   0.01608  0.001318   0.06805        48       640    0.8091    0.3119    0.3417    0.1229   0.05353   0.01686  0.001464
    46/299     5.48G   0.05028   0.01635  0.001236   0.06787        34       640    0.8117    0.2977    0.3316    0.1195   0.05351    0.0169  0.001431
    47/299     5.48G   0.05016   0.01628  0.001512   0.06795        44       640    0.8334    0.3061    0.3354    0.1063   0.05271   0.01681  0.001407
    48/299     5.48G   0.05066   0.01601  0.001211   0.06788        52       640     0.826    0.3173    0.3187    0.1023   0.05321    0.0166  0.001402
    49/299     5.48G   0.04986   0.01634  0.001544   0.06775        38       640    0.8764    0.3061    0.3469    0.1178   0.05184   0.01664  0.001394
    50/299     5.48G   0.05051   0.01588  0.001314    0.0677        39       640    0.8241    0.3124    0.3345    0.1117   0.05244   0.01674  0.001387
    51/299     5.48G   0.04956    0.0156  0.001504   0.06667        37       640     0.844    0.3164    0.3357    0.1099   0.05203   0.01675  0.001383
    52/299     5.48G   0.04922   0.01544  0.001366   0.06602       173       640    0.8336    0.3192    0.3668    0.1336   0.05226   0.01681  0.001417
    53/299     5.48G   0.04797   0.01534  0.001251   0.06457        57       640    0.8307    0.3309    0.3758    0.1322   0.05256   0.01676  0.001404
    54/299     5.48G    0.0476   0.01591  0.001144   0.06465        79       640    0.8568    0.3252    0.3866    0.1423   0.05116   0.01671  0.001355
    55/299     5.48G   0.04712   0.01588  0.001015   0.06401        50       640    0.8572    0.3148    0.3814    0.1383   0.05178   0.01674   0.00135
    56/299     5.48G   0.05047   0.01577  0.001219   0.06745        43       640    0.8237      0.33    0.3925    0.1357   0.05169   0.01646  0.001374
    57/299     5.48G   0.04817   0.01551  0.001157   0.06484        34       640    0.8323    0.3364    0.3646    0.1231   0.05158    0.0166  0.001386
    58/299     5.48G   0.04816   0.01508  0.001317   0.06456        47       640    0.8527    0.3167    0.3637    0.1222   0.05191   0.01649  0.001337
    59/299     5.48G     0.048   0.01516  0.001469   0.06463        43       640     0.833     0.334    0.3998    0.1488   0.05191   0.01672  0.001306
    60/299     5.48G   0.04719   0.01556  0.001323   0.06407        80       640    0.8422    0.3262    0.3629     0.127   0.05212   0.01663  0.001348
    61/299     5.48G   0.04717   0.01536  0.001376   0.06391        46       640    0.8526    0.3144    0.3701    0.1274   0.05174    0.0164  0.001327
    62/299     5.48G   0.04713   0.01562  0.001071   0.06383       130       640     0.852    0.3026    0.3965    0.1347   0.05187   0.01636  0.001341
    63/299     5.48G   0.04667   0.01583  0.001596    0.0641        60       640    0.8529     0.333    0.3584    0.1161   0.05194   0.01641  0.001389
    64/299     5.48G   0.04647   0.01559  0.001073   0.06314        49       640    0.8707    0.3217     0.373    0.1239   0.05118   0.01666  0.001439
    65/299     5.48G   0.04612   0.01506  0.001283   0.06247        36       640    0.8423    0.3168    0.3609     0.133   0.05142   0.01661  0.001383
    66/299     5.48G   0.04588    0.0149 0.0009743   0.06175        56       640    0.8371    0.3423    0.3774    0.1317   0.05092   0.01664  0.001377
    67/299     5.48G   0.04686   0.01468 0.0009039   0.06244        44       640    0.8427    0.3425    0.3918    0.1433   0.05159   0.01649  0.001375
    68/299     5.48G   0.04483   0.01468  0.001342   0.06085        36       640    0.8488    0.3378    0.4034    0.1571    0.0502    0.0164  0.001333
    69/299     5.48G   0.04452   0.01438 0.0009951    0.0599        46       640    0.8589    0.3257    0.4197    0.1494   0.05142   0.01658  0.001359
    70/299     5.48G   0.04554   0.01523   0.00222   0.06299        65       640    0.8527    0.3413    0.3739     0.126   0.05059   0.01638  0.001388
    71/299     5.48G    0.0453    0.0147  0.001102   0.06111        47       640     0.879    0.3301    0.3837     0.126   0.05084   0.01642  0.001371
    72/299     5.48G    0.0476   0.01513  0.001692   0.06442        30       640    0.8442     0.331    0.4287    0.1472   0.05028   0.01629  0.001349
    73/299     5.48G   0.04499   0.01456  0.001498   0.06105        38       640    0.8613    0.3418    0.4676    0.1571    0.0511   0.01627  0.001346
    74/299     5.48G   0.04503   0.01463  0.001458   0.06112        61       640    0.8655    0.3182    0.4184     0.137   0.05089   0.01645  0.001348
    75/299     5.48G   0.04564   0.01604    0.0011   0.06278        48       640    0.8615    0.3423    0.4586    0.1455   0.05065   0.01636  0.001343
    76/299     5.48G   0.04428   0.01493  0.001321   0.06054        50       640    0.8546    0.3501     0.479    0.1416   0.05031   0.01637  0.001364
    77/299     5.48G   0.04632   0.01451 0.0009039   0.06173        48       640    0.2749    0.6676    0.4866    0.1587   0.05091   0.01628  0.001312
    78/299     5.48G   0.04569   0.01481  0.001241   0.06174        55       640    0.8655    0.3301    0.4935    0.1745   0.05069   0.01641  0.001354
    79/299     5.48G   0.04566   0.01451  0.001037   0.06121        39       640    0.5036    0.4834    0.4746    0.1703   0.05066    0.0163  0.001307
    80/299     5.48G   0.04532   0.01458 0.0009751   0.06087        43       640    0.3852    0.5804    0.5193    0.1906   0.05026    0.0164  0.001306
    81/299     5.48G   0.04501   0.01517  0.000896   0.06108        40       640    0.3488    0.6622     0.528     0.195   0.05159   0.01666  0.001316
    82/299     5.48G    0.0434   0.01417   0.00105   0.05862        32       640    0.4251    0.6906    0.5589     0.195   0.05022   0.01638  0.001329
    83/299     5.48G   0.04438   0.01474  0.000758   0.05987        41       640    0.2779      0.67    0.4808    0.1728   0.05081   0.01629  0.001283
    84/299     5.48G   0.04419    0.0149  0.001079   0.06018        57       640    0.2934    0.6564     0.469    0.1561   0.05072   0.01637  0.001309
    85/299     5.48G   0.04311   0.01412   0.00113   0.05836        46       640     0.329     0.649    0.5292    0.1687   0.04991   0.01631  0.001361
    86/299     5.48G    0.0434   0.01414 0.0009766   0.05852        39       640      0.42    0.5716    0.5357    0.1711   0.04975   0.01626  0.001352
    87/299     5.48G   0.04278   0.01436  0.001159    0.0583        40       640    0.3925    0.5696    0.4869    0.1754   0.05047   0.01636  0.001302
    88/299     5.48G   0.04426   0.01407 0.0008022   0.05914        36       640     0.664     0.568     0.569    0.2137   0.05028   0.01642  0.001283
    89/299     5.48G   0.04285   0.01417 0.0009514   0.05797        32       640    0.5582    0.5184    0.5153    0.1774    0.0508    0.0165  0.001271
    90/299     5.48G    0.0429   0.01351 0.0007351   0.05715        37       640    0.5379    0.6431    0.5595    0.1749   0.05043    0.0163  0.001306
    91/299     5.48G   0.04214   0.01407  0.001082   0.05729        34       640     0.582    0.5983    0.5643     0.208   0.05084   0.01636  0.001292
    92/299     5.48G   0.04238   0.01368  0.000932   0.05699        59       640     0.466    0.5983    0.5325    0.2188   0.05032   0.01627  0.001281
    93/299     5.48G   0.04186   0.01405 0.0008179   0.05673        37       640    0.6189     0.588    0.5589    0.2089   0.05011   0.01624   0.00123
    94/299     5.48G   0.04203   0.01409  0.001055   0.05717       118       640    0.6285    0.6337    0.5784    0.2055   0.05091   0.01618  0.001238
    95/299     5.48G   0.04169   0.01424 0.0009378   0.05687        35       640      0.66     0.587    0.5885    0.2089   0.05041   0.01633   0.00122
    96/299     5.48G   0.04162   0.01393 0.0007863   0.05633        48       640    0.7369    0.6232    0.6213    0.2408   0.05026   0.01626  0.001241
    97/299     5.48G   0.04265   0.01357  0.000953   0.05717        44       640    0.6195    0.5097    0.5153    0.2107   0.05024   0.01625   0.00132
    98/299     5.48G   0.04256   0.01383  0.001057   0.05745        46       640    0.6522    0.5821    0.5785    0.1994   0.05037   0.01624  0.001289
    99/299     5.48G   0.04272   0.01401 0.0007992   0.05753        37       640    0.6424    0.5885    0.5378    0.1933   0.05076    0.0163  0.001283
   100/299     5.48G   0.04106   0.01335 0.0008842   0.05529        76       640    0.7593    0.5031    0.5228    0.1561   0.05024   0.01609  0.001282
   101/299     5.48G   0.04193   0.01404 0.0006917   0.05666        39       640    0.4462    0.5545    0.4753    0.1747   0.05059   0.01615  0.001299
   102/299     5.48G   0.04214   0.01382  0.001088   0.05705        54       640    0.6545    0.5909    0.5729    0.2161   0.05044   0.01612  0.001262
   103/299     5.48G   0.04028   0.01288 0.0007621   0.05393        38       640    0.6476    0.5929    0.5649    0.2062    0.0505   0.01615  0.001266
   104/299     5.48G   0.04151    0.0133 0.0007563   0.05557        42       640    0.6086     0.577    0.5524    0.2005   0.05067   0.01617  0.001205
   105/299     5.48G   0.04192   0.01421 0.0006868   0.05682        34       640    0.6695    0.5713    0.5496    0.2001   0.05032   0.01614  0.001198
   106/299     5.48G   0.04102   0.01352 0.0006891   0.05523        42       640    0.6472    0.5438    0.5525    0.2073   0.05016    0.0163   0.00119
   107/299     5.48G   0.04114   0.01381 0.0007866   0.05573        32       640    0.5633    0.6338    0.5751    0.2145   0.04987   0.01628  0.001189
   108/299     5.48G   0.04092     0.014 0.0008291   0.05575        62       640    0.7867    0.5368     0.571    0.2254   0.05016   0.01612  0.001219
   109/299     5.48G   0.04146   0.01375 0.0008072   0.05602        43       640    0.7072    0.5818    0.5884      0.21   0.05035   0.01621  0.001206
   110/299     5.48G   0.03983   0.01326 0.0006622   0.05375        35       640    0.8396    0.5192    0.5937    0.2089   0.05082   0.01618  0.001196
   111/299     5.48G   0.04127   0.01377 0.0007274   0.05576        39       640    0.8229    0.5726    0.5957    0.2367   0.05022   0.01622  0.001213
   112/299     5.48G    0.0415   0.01357 0.0008477   0.05592        35       640    0.8325    0.4935    0.5685    0.2351   0.04993   0.01625  0.001245
   113/299     5.48G   0.04079   0.01362 0.0007556   0.05516        39       640    0.8819    0.4591    0.5661    0.2126   0.05026   0.01629  0.001223
   114/299     5.48G   0.04097    0.0141 0.0008632   0.05593        38       640    0.6527    0.6331    0.6187     0.224   0.05001   0.01618  0.001199
   115/299     5.48G   0.03996   0.01281 0.0007523   0.05352        39       640     0.793     0.538    0.5747    0.2202   0.04999   0.01629    0.0012
   116/299     5.48G   0.03976   0.01375 0.0008815   0.05439        43       640    0.6347    0.5375    0.5384    0.2137   0.05075   0.01645  0.001175
   117/299     5.48G   0.04081   0.01342 0.0006255   0.05485        39       640    0.6359    0.5792    0.5689    0.2158   0.05108   0.01653  0.001208
   118/299     5.48G   0.04004   0.01376 0.0005385   0.05434        48       640    0.6921    0.5865     0.602    0.1937   0.05064   0.01621  0.001232
   119/299     5.48G   0.04019   0.01409   0.00054   0.05482        43       640     0.729    0.6507    0.6505    0.2615   0.05094   0.01622  0.001147
   120/299     5.48G   0.03988   0.01321   0.00125   0.05434        35       640    0.7171    0.4832    0.5216    0.2062   0.05026   0.01634  0.001277
   121/299     5.48G   0.04074   0.01311 0.0006759   0.05452        42       640    0.8475    0.4947    0.5761    0.2346   0.05178   0.01638  0.001259
   122/299     5.48G   0.03985   0.01346 0.0008591   0.05417        52       640      0.78    0.5184     0.538    0.2212   0.05128   0.01649  0.001219
   123/299     5.48G   0.04018   0.01347 0.0007444   0.05439        49       640    0.7434    0.5866    0.6014    0.2327   0.05067   0.01648  0.001205
   124/299     5.48G   0.03832   0.01292 0.0006174   0.05185        41       640    0.4492    0.6121    0.5008    0.1744   0.05018   0.01655  0.001189
   125/299     5.48G   0.03899   0.01282  0.000567   0.05239        56       640    0.6998    0.6605    0.6167    0.1984   0.05021   0.01643  0.001148
   126/299     5.48G   0.03984   0.01389  0.001057   0.05478        58       640    0.7871    0.6216     0.637    0.2356   0.05035   0.01641  0.001128
   127/299     5.48G   0.03813   0.01339 0.0009506   0.05248        50       640     0.738    0.5211    0.5467    0.2034   0.05075   0.01664  0.001245
   128/299     5.48G   0.04019   0.01265 0.0007217   0.05356        42       640    0.8475    0.5285    0.5745    0.2157   0.05032   0.01647    0.0012
   129/299     5.48G   0.03911   0.01251   0.00068    0.0523        47       640     0.594    0.6142    0.5644    0.1924   0.05054   0.01649  0.001229
   130/299     5.48G     0.039   0.01349  0.000452   0.05294        48       640     0.692    0.6127    0.6025    0.2422   0.05018    0.0165  0.001197
   131/299     5.48G   0.03921   0.01368 0.0009008   0.05379        83       640     0.838    0.6088    0.6499    0.2481   0.04983   0.01648   0.00118
   132/299     5.48G   0.03936   0.01291 0.0007943   0.05307        43       640    0.8442    0.5935    0.6589     0.259   0.04998   0.01659  0.001176
   133/299     5.48G   0.03802   0.01298 0.0004699   0.05147        44       640      0.73     0.696    0.6682    0.2787   0.05039   0.01654  0.001131
   134/299     5.48G   0.03851   0.01298 0.0007016    0.0522        45       640    0.8002    0.6132    0.6275    0.2534   0.05041   0.01648  0.001154
   135/299     5.48G   0.03885   0.01336 0.0005686   0.05278        54       640    0.7076    0.6201    0.6536      0.25   0.05038   0.01632  0.001208
   136/299     5.48G   0.03821   0.01311  0.000434   0.05175        51       640    0.8042    0.6175     0.629    0.2623   0.05023   0.01632  0.001199
   137/299     5.48G   0.03854   0.01292 0.0006062   0.05207        36       640    0.6381    0.6044    0.5953    0.2034   0.05086   0.01655  0.001236
   138/299     5.48G   0.03774   0.01206 0.0003501   0.05015        38       640    0.8378    0.5674    0.5895    0.2352   0.05019   0.01645  0.001156
   139/299     5.48G   0.03849   0.01372 0.0006455   0.05285        45       640    0.7088     0.576    0.5782    0.2146   0.05062   0.01675  0.001189
   140/299     5.48G   0.03973   0.01326  0.000715   0.05371        35       640    0.7358    0.6082     0.575    0.2229   0.05014   0.01659  0.001199
   141/299     5.48G   0.03797   0.01318 0.0006121   0.05175        43       640    0.8448     0.635    0.6325    0.2633   0.04967   0.01649  0.001273
   142/299     5.48G   0.03888   0.01339 0.0006823   0.05295        41       640    0.8477    0.6002    0.6284    0.2602   0.05011   0.01664  0.001231
   143/299     5.48G   0.03811   0.01281 0.0006976   0.05162        42       640    0.7676    0.5074    0.5475    0.2265   0.05019   0.01661    0.0013
   144/299     5.48G   0.03781   0.01228 0.0004782   0.05057        40       640    0.6049    0.5275    0.5217    0.2032   0.05061   0.01662  0.001332
   145/299     5.48G   0.03829   0.01265 0.0006155   0.05155        43       640    0.7392    0.5206    0.5564     0.204   0.05094   0.01665   0.00124
   146/299     5.48G    0.0376   0.01263 0.0005664    0.0508        39       640    0.6619    0.6561    0.6184    0.2239   0.05004   0.01644  0.001164
   147/299     5.48G   0.03773   0.01304 0.0004218   0.05119        67       640    0.6796    0.6093    0.5997     0.227   0.05029   0.01639  0.001152
   148/299     5.48G   0.03866   0.01312 0.0004415   0.05222        51       640    0.8547    0.5452    0.6014    0.2492   0.05046   0.01648  0.001159
   149/299     5.48G   0.03843   0.01285 0.0004594   0.05174        42       640    0.6916    0.5537    0.5595    0.2073   0.05122   0.01644  0.001235
   150/299     5.48G   0.03776   0.01228 0.0005056   0.05055        37       640    0.6437    0.5814    0.5765    0.2034   0.05029   0.01648  0.001154
   151/299     5.48G    0.0377    0.0127 0.0004081   0.05081        42       640    0.7342     0.529    0.5699    0.2298      0.05   0.01651  0.001204
   152/299     5.48G   0.03694   0.01314 0.0004707   0.05054        69       640    0.6666    0.5718    0.5766    0.2281    0.0503   0.01657  0.001228
   153/299     5.48G   0.03801   0.01243 0.0005724   0.05102        35       640    0.7111    0.6194    0.6074    0.2438   0.05062   0.01647  0.001216
   154/299     5.48G   0.03738    0.0125 0.0005981   0.05048        38       640    0.7863    0.4771    0.5516    0.1981   0.05057   0.01647  0.001285
   155/299     5.48G   0.03732   0.01319 0.0005042   0.05101        36       640    0.6542    0.6495    0.6042    0.2117   0.05075   0.01642  0.001208
   156/299     5.48G   0.03741   0.01296 0.0006304     0.051        43       640    0.5849    0.6576    0.5897    0.2231   0.04959   0.01641  0.001163
   157/299     5.48G   0.03679   0.01209 0.0004771   0.04935        39       640    0.5391    0.6191    0.5513    0.2206   0.04993   0.01644  0.001185
   158/299     5.48G   0.03669   0.01248 0.0004176   0.04959        40       640    0.7315    0.5334    0.5598    0.2234    0.0503   0.01637   0.00121
   159/299     5.48G   0.03774   0.01242 0.0005172   0.05068        42       640    0.8403    0.5704    0.5939    0.2535   0.05021    0.0165  0.001242
   160/299     5.48G    0.0368   0.01346 0.0003513   0.05062        59       640    0.6723    0.6216    0.5829    0.2276   0.05079   0.01656  0.001218
   161/299     5.48G   0.03695   0.01251 0.0005466   0.05001        42       640    0.8126    0.5802     0.584    0.2123   0.05046   0.01645  0.001202
   162/299     5.48G   0.03691   0.01267 0.0004493   0.05003        48       640    0.8131    0.6181    0.6093    0.2308    0.0507   0.01645   0.00122
   163/299     5.48G   0.03697    0.0125 0.0005374   0.05002       110       640    0.6447    0.6152    0.5836     0.215   0.05079   0.01652  0.001215
   164/299     5.48G    0.0362    0.0126  0.000355   0.04916        47       640    0.6344    0.6026    0.5569    0.1883   0.05061   0.01676  0.001155
   165/299     5.48G    0.0369   0.01283 0.0003833   0.05012        45       640    0.7711    0.5571    0.5836    0.2414   0.05071   0.01689  0.001188
   166/299     5.48G   0.03703   0.01254 0.0003978   0.04997        67       640    0.7935    0.5887    0.6068    0.2475   0.05039   0.01673  0.001151
   167/299     5.48G   0.03753   0.01347 0.0005202   0.05152        67       640    0.7305     0.635    0.5876    0.2391   0.05036   0.01675   0.00118
   168/299     5.48G   0.03655   0.01224 0.0004212   0.04921        37       640    0.5803    0.6476    0.5673    0.2397   0.05046   0.01665  0.001267
   169/299     5.48G   0.03689   0.01286 0.0003382   0.05009        40       640    0.7307    0.6224    0.6009    0.2357    0.0502   0.01662  0.001192
   170/299     5.48G   0.03667   0.01262 0.0003695   0.04966        36       640    0.7284    0.5738    0.5684    0.2391   0.05024   0.01684  0.001208
   171/299     5.48G    0.0356   0.01197 0.0005864   0.04816        76       640     0.865    0.5532    0.5941    0.2549   0.04996   0.01662  0.001216
   172/299     5.48G   0.03515   0.01214 0.0004773   0.04777        44       640     0.686    0.5674    0.5678    0.2339   0.05052   0.01665  0.001214
   173/299     5.48G    0.0347   0.01217  0.000504   0.04737        37       640    0.8823    0.5335    0.5964     0.238   0.05108   0.01669  0.001195
   174/299     5.48G   0.03516   0.01241 0.0006666   0.04824        42       640    0.6845    0.6172    0.5821    0.2222   0.05048   0.01674  0.001123
   175/299     5.48G   0.03601   0.01285 0.0003194   0.04918        39       640     0.756    0.6049    0.5965    0.2137      0.05   0.01666  0.001126
   176/299     5.48G   0.03496   0.01193 0.0004549   0.04735        42       640    0.5463    0.6659    0.5905    0.2096   0.05011   0.01656  0.001098
   177/299     5.48G   0.03586   0.01249 0.0004435   0.04879        37       640    0.8714    0.5061    0.5668    0.2347   0.05081   0.01678  0.001187
   178/299     5.48G   0.03622   0.01235 0.0003471   0.04892        36       640    0.5952    0.6154    0.5679    0.2033   0.05067   0.01675  0.001202
   179/299     5.48G   0.03559   0.01242 0.0003295   0.04834        69       640     0.757    0.5647    0.5836    0.2369    0.0501   0.01677  0.001199
   180/299     5.48G   0.03618   0.01235 0.0004157   0.04895        49       640    0.8597    0.5464    0.5938    0.2518   0.05093   0.01673  0.001233
   181/299     5.48G   0.03521   0.01198 0.0003739   0.04756        62       640    0.7305     0.541    0.5739     0.204   0.05092   0.01678   0.00121
   182/299     5.48G     0.036   0.01255 0.0006313   0.04918        57       640    0.6974    0.5612    0.5809    0.2274   0.05088   0.01669  0.001138
   183/299     5.48G   0.03569    0.0123 0.0004346   0.04842        41       640    0.8583    0.5809    0.6186    0.2275   0.05082   0.01682  0.001218
   184/299     5.48G   0.03544   0.01212 0.0003804   0.04794        40       640    0.7257    0.5457    0.5338    0.1824   0.05008   0.01674  0.001323
   185/299     5.48G   0.03572   0.01215 0.0003556   0.04822        42       640     0.779    0.6047    0.6171    0.2548   0.05009   0.01668  0.001158
   186/299     5.48G    0.0358   0.01274 0.0003862   0.04892       179       640    0.7854    0.5946    0.5994    0.2368   0.04986   0.01677  0.001217
   187/299     5.48G   0.03533   0.01286  0.000418   0.04861        45       640    0.7802    0.6021    0.5994    0.2463   0.05048    0.0168  0.001205
   188/299     5.48G   0.03632   0.01326 0.0005064   0.05009        64       640    0.7354    0.6005    0.5892    0.2363   0.05017   0.01682  0.001191
   189/299     5.48G   0.03475   0.01258 0.0005936   0.04793        50       640    0.7002    0.6025    0.5548     0.202   0.05007   0.01669  0.001137
   190/299     5.48G    0.0355   0.01296 0.0004303   0.04889        38       640    0.7094    0.5985    0.6002    0.2309   0.04985   0.01659  0.001164
   191/299     5.48G    0.0349   0.01161 0.0002702   0.04678        36       640    0.7603    0.5351    0.5471     0.233   0.04975   0.01672  0.001105
   192/299     5.48G   0.03504   0.01167 0.0003174   0.04702        40       640    0.7342    0.5974    0.5889    0.2513   0.04983    0.0169   0.00114
   193/299     5.48G   0.03493   0.01242 0.0003276   0.04768        33       640    0.7486    0.5713    0.5967    0.2632   0.05012   0.01673  0.001151
   194/299     5.48G   0.03466   0.01252 0.0004146    0.0476        46       640    0.7777    0.5596    0.5924    0.2417   0.05027   0.01671  0.001139
   195/299     5.48G   0.03583   0.01243 0.0004757   0.04873        36       640    0.7822    0.5956    0.6087    0.2387   0.05046   0.01691  0.001192
   196/299     5.48G   0.03444   0.01216 0.0003453   0.04695        49       640    0.7094    0.5571    0.5795    0.2009   0.04992   0.01683  0.001244
   197/299     5.48G   0.03501   0.01191 0.0004126   0.04734        35       640    0.7742    0.6019     0.597    0.2412   0.05041   0.01674  0.001104
   198/299     5.48G   0.03547   0.01271 0.0002805   0.04847        45       640    0.7762    0.6079    0.6103    0.2485   0.05027   0.01659  0.001113
   199/299     5.48G   0.03488   0.01233 0.0006868   0.04789        36       640    0.6619    0.5628    0.5332    0.1672    0.0499   0.01659  0.001139
   200/299     5.48G   0.03479    0.0121 0.0003213   0.04721        38       640    0.7782    0.5084    0.5241    0.1693    0.0503   0.01661  0.001111
   201/299     5.48G   0.03495   0.01169 0.0002426   0.04689        43       640    0.8751    0.5848    0.6096    0.2093   0.05025   0.01671   0.00113
   202/299     5.48G    0.0341   0.01187 0.0003637   0.04633        33       640    0.8633    0.5988    0.6189    0.2492   0.05049   0.01668  0.001075
   203/299     5.48G   0.03411   0.01149 0.0005927    0.0462        50       640    0.7614    0.5665    0.5782    0.2276   0.05023   0.01673  0.001074
   204/299     5.48G    0.0344   0.01189 0.0002223   0.04651        49       640    0.8029    0.5372    0.5592    0.2283   0.05032     0.017  0.001212
   205/299     5.48G   0.03494   0.01167 0.0003927     0.047        37       640    0.9083    0.5215    0.5861    0.2224   0.05009   0.01699  0.001349
   206/299     5.48G   0.03567   0.01304 0.0004476   0.04916        42       640    0.8763    0.5853    0.6185    0.2481   0.05036   0.01685  0.001133
   207/299     5.48G    0.0348   0.01264 0.0004216   0.04786        43       640     0.744    0.6167    0.6145    0.2562   0.05044   0.01676  0.001148
   208/299     5.48G   0.03387   0.01261 0.0005253   0.04701        87       640    0.8327    0.6159    0.6263    0.2518   0.05017   0.01667   0.00114
   209/299     5.48G   0.03417   0.01128 0.0002651   0.04572        38       640    0.7208    0.6491    0.6152    0.2386   0.05061   0.01678   0.00114
   210/299     5.48G   0.03365   0.01192 0.0002522   0.04582        40       640    0.7429    0.6435     0.637    0.2596   0.05051   0.01684   0.00114
   211/299     5.48G   0.03378   0.01122 0.0002771   0.04527        42       640    0.8713    0.5537    0.5786    0.2312   0.05049   0.01685  0.001112
   212/299     5.48G   0.03389   0.01144  0.000437   0.04576        38       640    0.7906    0.5951    0.6112    0.2529   0.05029   0.01691  0.001134
   213/299     5.48G   0.03411   0.01211 0.0003313   0.04654        35       640    0.7573    0.6527    0.6288    0.2113   0.05042   0.01683  0.001142
   214/299     5.48G   0.03541   0.01209 0.0002664   0.04777        61       640    0.7643    0.6155    0.6147    0.2507    0.0501   0.01687  0.001112
   215/299     5.48G    0.0335   0.01191 0.0002446   0.04566        38       640    0.7787    0.6096    0.6129    0.2533   0.04995   0.01678  0.001108
   216/299     5.48G   0.03348    0.0115 0.0005287   0.04551        42       640    0.7873    0.6098    0.6144     0.245   0.05018   0.01679  0.001158
   217/299     5.48G   0.03428   0.01221 0.0005857   0.04707        43       640    0.8916    0.5419    0.6224    0.2447   0.05036   0.01687  0.001136
   218/299     5.48G   0.03469    0.0118 0.0002556   0.04674        52       640       0.9    0.5361    0.6032    0.2429   0.05024    0.0168  0.001182
   219/299     5.48G   0.03356   0.01204 0.0003923     0.046        37       640    0.6486    0.6604    0.6313    0.2476   0.04998   0.01677  0.001178
   220/299     5.48G   0.03443   0.01211 0.0003371   0.04688        35       640     0.881    0.5527     0.619    0.2218   0.05031   0.01677  0.001088
   221/299     5.48G   0.03338   0.01216 0.0002369   0.04577        49       640     0.892    0.5474    0.5868    0.2569   0.05024   0.01687  0.001157
   222/299     5.48G   0.03481   0.01205 0.0003253   0.04718        38       640    0.8838    0.5522    0.6206    0.2363   0.05028   0.01686  0.001179
   223/299     5.48G   0.03376   0.01179 0.0003701   0.04592       151       640    0.8884    0.5434    0.6062    0.2396   0.05033   0.01686  0.001176
   224/299     5.48G   0.03408   0.01226 0.0003165   0.04666        54       640    0.8879    0.5556    0.5883    0.2351   0.05024   0.01687  0.001181
   225/299     5.48G   0.03385   0.01161 0.0002494   0.04571        40       640    0.7058    0.6191     0.613    0.2375   0.04985   0.01679  0.001141
   226/299     5.48G   0.03331   0.01149 0.0003539   0.04516        45       640     0.756    0.5761    0.6011    0.2324   0.05025   0.01677  0.001125
   227/299     5.48G   0.03528   0.01238 0.0002703   0.04793        54       640    0.8483    0.5728    0.6098    0.2353   0.05003   0.01662  0.001134
   228/299     5.48G   0.03373   0.01133 0.0003519   0.04541        51       640    0.8757    0.5518    0.5881    0.2513   0.05023   0.01675  0.001168
   229/299     5.48G   0.03439   0.01266 0.0003398    0.0474        52       640    0.7289    0.5547    0.5647    0.2243   0.05048   0.01683  0.001107
   230/299     5.48G   0.03327   0.01188 0.0003623   0.04551        42       640     0.811    0.5838    0.6272     0.231   0.05016   0.01678   0.00112
   231/299     5.48G   0.03314   0.01224 0.0003111   0.04569        52       640    0.8722    0.5556     0.611    0.2481   0.05029    0.0168  0.001138
   232/299     5.48G   0.03318   0.01235 0.0001608   0.04569        45       640    0.8646    0.5537    0.5928    0.2505   0.05036   0.01679   0.00114
   233/299     5.48G   0.03322   0.01189 0.0003755   0.04549        38       640    0.8721    0.5585    0.6125    0.2498   0.05022   0.01688  0.001119
   234/299     5.48G   0.03333    0.0118 0.0002082   0.04534        47       640    0.7789    0.6095    0.5955    0.2452   0.05015   0.01697  0.001114
   235/299     5.48G   0.03307   0.01196  0.000187   0.04522        56       640    0.7832    0.6083    0.5945    0.2288   0.05033   0.01696  0.001156
   236/299     5.48G   0.03288   0.01159 0.0001546   0.04463        57       640    0.6373    0.6167     0.573    0.2222   0.05034    0.0169  0.001168
   237/299     5.48G   0.03351   0.01153 0.0003637   0.04541        33       640    0.6884    0.6081    0.6057    0.2541   0.05041   0.01694  0.001186
   238/299     5.48G   0.03331   0.01199 0.0002838   0.04559        42       640    0.8915     0.542     0.588     0.202   0.05062   0.01694  0.001169
   239/299     5.48G   0.03301   0.01218 0.0004999    0.0457        40       640    0.8949    0.5292    0.5869    0.2448   0.05029   0.01691  0.001144
   240/299     5.48G   0.03348   0.01143 0.0003064   0.04522        35       640    0.8885     0.578    0.6313    0.2548   0.04998   0.01694  0.001147
   241/299     5.48G   0.03353   0.01115 0.0002711   0.04495        34       640       0.9    0.5312    0.6118    0.2173   0.05031   0.01698  0.001131
   242/299     5.48G   0.03299   0.01159 0.0002386   0.04483        37       640    0.8734    0.5576    0.6226    0.2585   0.05009   0.01698   0.00115
   243/299     5.48G   0.03248   0.01116 0.0002023   0.04384        63       640    0.8815    0.5458     0.618    0.2546   0.05009   0.01684  0.001117
   244/299     5.48G   0.03318   0.01155 0.0003779    0.0451        52       640    0.8845    0.5482    0.6055    0.2626   0.05021   0.01695  0.001165
   245/299     5.48G   0.03337   0.01164 0.0004747   0.04549        66       640    0.8944      0.54    0.6055    0.2462   0.05037   0.01701  0.001162
   246/299     5.48G   0.03309   0.01182 0.0002258   0.04514        92       640    0.6569    0.6474    0.6152    0.2529   0.05045   0.01698  0.001124
   247/299     5.48G   0.03306   0.01187 0.0005287   0.04546        48       640    0.8763    0.5907    0.6226    0.2549   0.05051   0.01692   0.00112
   248/299     5.48G   0.03319   0.01167 0.0004003   0.04527        53       640    0.7864     0.602    0.6043    0.2511   0.05038   0.01703  0.001067
   249/299     5.48G   0.03209   0.01152 0.0002479   0.04386        35       640    0.7852    0.6006    0.6277     0.247   0.05024   0.01705  0.001088
   250/299     5.48G   0.03339   0.01146 0.0002815   0.04514        61       640    0.8858    0.5459    0.6056    0.2574   0.05019   0.01704  0.001136
   251/299     5.48G   0.03321   0.01204 0.0001755   0.04542        35       640    0.9009    0.5409    0.6139     0.251   0.05036   0.01711  0.001164
   252/299     5.48G   0.03245   0.01154 0.0003072    0.0443        40       640    0.8745    0.5422    0.6152    0.2661   0.05033   0.01714  0.001182
   253/299     5.48G    0.0329   0.01164 0.0002864   0.04483        39       640    0.7969    0.6044    0.6211    0.2555   0.05041    0.0171  0.001158
   254/299     5.48G   0.03286   0.01184 0.0002675   0.04497        47       640    0.8955    0.5351    0.5989     0.241   0.05067   0.01708  0.001123
   255/299     5.48G   0.03342   0.01206 0.0002867   0.04576        44       640    0.8902    0.5395    0.5972    0.2544   0.05061   0.01709  0.001136
   256/299     5.48G   0.03305   0.01196 0.0005177   0.04553        46       640    0.8745    0.5542    0.6049    0.2595   0.05061   0.01711  0.001185
   257/299     5.48G   0.03356   0.01154  0.000291   0.04539        62       640    0.8541    0.5508     0.603    0.2504   0.05029   0.01699  0.001159
   258/299     5.48G   0.03256   0.01126 0.0003907    0.0442        42       640     0.852     0.538    0.5978    0.2497   0.05051   0.01707  0.001166
   259/299     5.48G   0.03287   0.01146 0.0002233   0.04456        41       640    0.7399     0.602    0.6054     0.229   0.05034   0.01699  0.001189
   260/299     5.48G   0.03286    0.0115 0.0003743   0.04473        46       640     0.868    0.6028    0.6146    0.2555   0.04979   0.01688  0.001132
   261/299     5.48G   0.03364   0.01213  0.000194   0.04596        49       640    0.8571    0.6007     0.601     0.241   0.05012   0.01693  0.001157
   262/299     5.48G    0.0324   0.01111 0.0002011   0.04372        39       640    0.8592    0.5977    0.6142    0.2527   0.05016   0.01698  0.001227
   263/299     5.48G    0.0337   0.01234 0.0004679   0.04651        37       640    0.8723    0.6023    0.6287    0.2605      0.05     0.017  0.001209
   264/299     5.48G   0.03265    0.0113   0.00032   0.04427        39       640    0.8751    0.5938    0.6316    0.2594   0.04991   0.01693  0.001142
   265/299     5.48G   0.03295   0.01164 0.0001775   0.04476        78       640    0.7908    0.6468    0.6312    0.2381    0.0498   0.01688   0.00112
   266/299     5.48G   0.03307    0.0118 0.0005048   0.04538        50       640    0.7195    0.6541    0.6223    0.2579   0.04977   0.01692  0.001131
   267/299     5.48G   0.03261   0.01114 0.0002858   0.04404        35       640    0.8528    0.6035    0.6211    0.2602   0.04972   0.01695   0.00114
   268/299     5.48G   0.03338   0.01138 0.0004236   0.04518        44       640    0.8409    0.6082    0.6133    0.2483   0.04999     0.017   0.00117
   269/299     5.48G   0.03324   0.01193 0.0007228    0.0459        67       640     0.722    0.6542    0.6248    0.2576   0.05012   0.01697  0.001187
   270/299     5.48G   0.03391   0.01165 0.0002971   0.04586        45       640     0.798    0.5982    0.6147    0.2427   0.04997   0.01692  0.001198
   271/299     5.48G   0.03336   0.01195   0.00044   0.04575        54       640    0.8894    0.5371    0.6012    0.2615    0.0499   0.01692  0.001174
   272/299     5.48G   0.03289   0.01181 0.0002623   0.04497        42       640    0.8934    0.5339    0.5902    0.2477   0.04994   0.01696  0.001212
   273/299     5.48G   0.03234     0.011 0.0003573   0.04371        41       640    0.8892    0.5365    0.5839    0.2472   0.05008   0.01702  0.001195
   274/299     5.48G   0.03247   0.01093 0.0002321   0.04363        44       640    0.8791    0.5509    0.6007    0.2507   0.05023   0.01696  0.001161
   275/299     5.48G   0.03424   0.01168 0.0003078   0.04623        47       640    0.6466    0.6113     0.586    0.2408   0.05011   0.01689  0.001151
   276/299     5.48G   0.03288   0.01134 0.0003007   0.04452        57       640    0.7829    0.5525    0.5858    0.2522   0.05043     0.017  0.001208
   277/299     5.48G   0.03317   0.01187  0.000265   0.04531        37       640    0.7776    0.5554    0.5756    0.2358   0.05071   0.01703  0.001182
   278/299     5.48G   0.03288    0.0115 0.0002299   0.04461        46       640    0.8769    0.5449    0.5971    0.2442   0.05043   0.01701  0.001177
   279/299     5.48G    0.0336   0.01193 0.0003119   0.04584        35       640    0.8803    0.5439    0.5828    0.2456   0.05048     0.017  0.001217
   280/299     5.48G   0.03157   0.01144 0.0002363   0.04325        46       640    0.8844    0.5409    0.5904    0.2536   0.05045     0.017  0.001191
   281/299     5.48G   0.03288   0.01071 0.0002449   0.04384        35       640    0.8844    0.5444    0.6068    0.2428   0.05031   0.01698  0.001141
   282/299     5.48G   0.03314   0.01188 0.0003543   0.04538        45       640    0.7177    0.6123    0.6112    0.2332   0.05005   0.01688  0.001139
   283/299     5.48G   0.03305   0.01196 0.0003243   0.04534        46       640    0.8736    0.5541     0.604    0.2376   0.05007   0.01699  0.001166
   284/299     5.48G   0.03347   0.01142 0.0002361   0.04513        34       640    0.8753    0.5537    0.5984    0.2427   0.05016   0.01707  0.001161
   285/299     5.48G   0.03274   0.01135 0.0002201   0.04431        35       640    0.8784    0.5508    0.6028    0.2453   0.05016   0.01702  0.001143
   286/299     5.48G   0.03203   0.01169 0.0002643   0.04398        38       640    0.8478     0.571     0.604    0.2559   0.05029   0.01699  0.001119
   287/299     5.48G   0.03237   0.01097 0.0001655    0.0435        74       640    0.8628    0.5596    0.5838    0.2347   0.05037   0.01701   0.00117
   288/299     5.48G   0.03208   0.01205 0.0002636   0.04439        37       640    0.8695     0.562     0.603    0.2467   0.05031     0.017   0.00119
   289/299     5.48G   0.03225   0.01127 0.0004169   0.04394        40       640    0.8684    0.5611    0.5844    0.2543   0.05049   0.01709  0.001194
   290/299     5.48G   0.03158   0.01087 0.0003012   0.04275        35       640    0.8763    0.5588    0.6086    0.2547    0.0503     0.017  0.001168
   291/299     5.48G   0.03248   0.01141 0.0002051    0.0441        49       640    0.7294    0.6088    0.6082    0.2417   0.05037   0.01695  0.001141
   292/299     5.48G   0.03246   0.01159 0.0003664   0.04442        41       640    0.8969    0.5395    0.5967    0.2452   0.05044     0.017  0.001216
   293/299     5.48G   0.03186   0.01043 0.0002658   0.04255        35       640    0.8871     0.539    0.5962    0.2516   0.05028   0.01697  0.001156
   294/299     5.48G   0.03289   0.01147 0.0002175   0.04457        47       640    0.7848    0.6058    0.6215    0.2557   0.05023   0.01695  0.001071
   295/299     5.48G   0.03328   0.01149 0.0005311    0.0453        35       640    0.8119    0.5946    0.6264    0.2526   0.05035   0.01701  0.001117
   296/299     5.48G    0.0325   0.01239 0.0006012   0.04549        36       640    0.8863    0.5395     0.616    0.2505   0.05022   0.01704  0.001165
   297/299     5.48G    0.0321   0.01116 0.0002202   0.04348       134       640    0.8933    0.5415    0.6052    0.2484   0.05026   0.01704  0.001184
   298/299     5.48G   0.03154   0.01055 0.0002172    0.0423        45       640    0.8802    0.5542    0.5997    0.2314   0.05028   0.01706  0.001183
   299/299     5.48G   0.03289   0.01126 0.0003886   0.04453        33       640    0.7847    0.5608    0.5721    0.2397   0.05018   0.01715  0.001132
